"SCMEB" "DRSC" "BayesSpace" "Louvain"
"1" 6 6 6 5
"2" 5 1 7 6
"3" 6 6 3 3
"4" 4 4 1 7
"5" 4 5 4 2
"6" 2 2 4 6
"7" 4 4 5 7
"8" 2 5 4 2
"9" 5 3 6 4
"10" 5 5 7 2
"11" 1 2 2 5
"12" 1 2 4 6
"13" 2 2 4 2
"14" 1 2 4 5
"15" 6 6 3 3
"16" 5 3 6 8
"17" 3 1 6 4
"18" 5 3 6 8
"19" 2 2 4 6
"20" 6 3 6 3
"21" 4 6 5 7
"22" 6 6 3 3
"23" 5 5 6 8
"24" 2 2 4 2
"25" 6 6 3 3
"26" 5 2 7 6
"27" 2 2 4 6
"28" 2 2 4 2
"29" 5 3 6 4
"30" 3 3 6 4
"31" 1 2 4 5
"32" 2 2 4 6
"33" 1 2 4 5
"34" 3 3 6 4
"35" 1 1 2 6
"36" 6 5 3 3
"37" 5 3 6 8
"38" 1 2 4 6
"39" 3 3 6 4
"40" 2 2 4 2
"41" 5 1 7 8
"42" 5 5 6 8
"43" 6 6 3 3
"44" 6 6 6 3
"45" 2 2 7 6
"46" 5 5 6 8
"47" 2 2 7 2
"48" 5 3 6 8
"49" 2 2 4 2
"50" 1 2 2 2
"51" 5 5 7 2
"52" 6 6 3 3
"53" 3 1 2 4
"54" 6 6 3 3
"55" 4 2 4 2
"56" 1 1 2 5
"57" 4 4 7 9
"58" 6 6 3 3
"59" 5 1 2 6
"60" 1 2 4 6
"61" 6 6 3 3
"62" 3 3 6 4
"63" 5 5 6 8
"64" 1 2 4 7
"65" 3 3 6 4
"66" 6 6 3 3
"67" 6 6 3 3
"68" 1 2 4 5
"69" 1 1 2 5
"70" 4 4 5 7
"71" 1 1 2 6
"72" 5 2 7 2
"73" 6 6 3 3
"74" 2 2 4 6
"75" 3 3 6 4
"76" 4 4 5 7
"77" 6 3 6 3
"78" 1 1 2 2
"79" 5 5 7 8
"80" 2 2 4 2
"81" 3 6 6 4
"82" 6 6 3 3
"83" 3 3 6 4
"84" 4 2 4 5
"85" 1 2 2 6
"86" 6 6 3 3
"87" 3 3 6 4
"88" 3 3 6 5
"89" 4 4 1 7
"90" 2 2 7 8
"91" 3 3 6 4
"92" 5 5 6 8
"93" 6 6 3 3
"94" 3 3 6 4
"95" 5 1 7 2
"96" 6 6 3 3
"97" 6 5 3 8
"98" 2 2 4 6
"99" 5 5 6 8
"100" 2 2 4 2
"101" 6 6 3 3
"102" 2 5 7 2
"103" 5 3 6 8
"104" 3 3 6 4
"105" 6 6 3 3
"106" 3 3 6 4
"107" 4 4 5 7
"108" 3 5 6 4
"109" 2 2 7 2
"110" 2 2 7 2
"111" 2 2 4 2
"112" 1 2 4 6
"113" 6 6 3 3
"114" 1 1 2 5
"115" 6 6 3 3
"116" 3 1 2 4
"117" 4 1 7 8
"118" 5 5 7 6
"119" 6 6 3 3
"120" 1 2 4 6
"121" 1 1 2 6
"122" 2 2 4 6
"123" 6 6 3 3
"124" 6 6 3 7
"125" 3 3 6 4
"126" 5 3 6 8
"127" 1 2 4 6
"128" 5 5 6 8
"129" 3 3 6 4
"130" 3 5 6 4
"131" 6 3 3 3
"132" 6 3 3 3
"133" 1 1 2 5
"134" 1 1 2 8
"135" 3 1 2 5
"136" 1 2 4 6
"137" 6 6 3 3
"138" 6 6 3 3
"139" 6 6 3 3
"140" 3 3 6 4
"141" 2 2 4 2
"142" 2 2 4 6
"143" 3 3 6 4
"144" 5 3 6 8
"145" 5 1 2 6
"146" 1 1 2 6
"147" 3 1 6 5
"148" 1 1 2 5
"149" 3 1 6 5
"150" 2 2 7 2
"151" 4 4 5 7
"152" 3 3 6 4
"153" 2 2 4 2
"154" 2 2 4 2
"155" 5 1 7 6
"156" 6 6 3 3
"157" 2 2 4 2
"158" 3 3 6 4
"159" 6 6 3 3
"160" 4 2 4 7
"161" 2 2 7 5
"162" 5 1 2 4
"163" 2 2 4 2
"164" 6 6 3 3
"165" 3 1 2 5
"166" 5 5 6 8
"167" 3 3 6 4
"168" 5 5 7 2
"169" 1 1 2 5
"170" 1 1 2 4
"171" 6 3 6 3
"172" 4 4 5 7
"173" 3 3 6 4
"174" 5 1 7 2
"175" 6 6 3 3
"176" 3 3 6 4
"177" 1 1 2 4
"178" 5 5 7 2
"179" 6 6 3 3
"180" 1 2 4 2
"181" 1 2 2 5
"182" 1 4 4 6
"183" 1 2 4 5
"184" 5 5 7 8
"185" 4 5 4 4
"186" 4 4 5 7
"187" 2 2 7 2
"188" 2 2 7 2
"189" 6 6 3 3
"190" 1 2 4 5
"191" 2 2 4 6
"192" 6 6 3 3
"193" 2 2 4 6
"194" 1 2 2 5
"195" 1 2 4 6
"196" 6 6 3 3
"197" 5 1 2 4
"198" 4 4 1 7
"199" 2 2 4 6
"200" 1 2 4 5
"201" 5 1 7 2
"202" 5 5 6 8
"203" 6 6 3 3
"204" 1 2 4 6
"205" 1 1 7 5
"206" 3 3 6 4
"207" 5 1 7 8
"208" 3 3 6 4
"209" 1 2 2 5
"210" 3 3 6 4
"211" 4 4 5 7
"212" 5 5 7 6
"213" 3 3 6 4
"214" 3 3 6 4
"215" 2 2 4 2
"216" 5 1 7 5
"217" 5 5 7 8
"218" 6 6 3 3
"219" 2 2 4 2
"220" 2 2 4 2
"221" 4 4 5 7
"222" 6 6 3 3
"223" 2 2 4 2
"224" 3 3 6 4
"225" 4 4 5 7
"226" 6 5 6 8
"227" 1 2 4 6
"228" 5 5 7 4
"229" 3 1 2 5
"230" 3 1 2 4
"231" 6 6 3 3
"232" 6 6 3 3
"233" 5 1 6 5
"234" 6 6 3 3
"235" 5 3 6 8
"236" 1 2 2 5
"237" 3 1 2 5
"238" 4 4 5 7
"239" 4 4 1 7
"240" 2 2 4 2
"241" 2 2 4 6
"242" 1 1 2 6
"243" 2 2 4 6
"244" 1 1 7 5
"245" 2 2 4 2
"246" 2 2 4 2
"247" 6 6 3 3
"248" 2 5 4 2
"249" 4 4 5 7
"250" 2 2 4 2
"251" 2 2 7 2
"252" 5 1 7 2
"253" 2 2 4 2
"254" 2 5 4 2
"255" 6 6 3 3
"256" 6 6 3 3
"257" 6 6 3 3
"258" 4 2 4 7
"259" 2 2 4 2
"260" 2 2 7 2
"261" 5 1 7 2
"262" 6 5 6 3
"263" 3 1 2 4
"264" 3 1 2 5
"265" 1 1 2 5
"266" 1 2 4 6
"267" 5 2 7 2
"268" 1 1 2 5
"269" 2 2 4 2
"270" 5 3 6 8
"271" 5 1 7 6
"272" 1 2 4 5
"273" 1 1 2 5
"274" 6 6 3 3
"275" 4 2 4 6
"276" 5 3 6 8
"277" 5 1 7 6
"278" 2 2 4 6
"279" 3 3 6 4
"280" 3 1 6 4
"281" 6 6 6 4
"282" 5 1 7 8
"283" 6 3 6 4
"284" 1 1 2 5
"285" 2 2 4 2
"286" 6 6 3 3
"287" 3 1 2 4
"288" 3 1 2 5
"289" 3 3 6 4
"290" 5 1 7 2
"291" 1 1 2 5
"292" 5 5 6 8
"293" 3 1 2 5
"294" 6 6 3 3
"295" 3 3 6 4
"296" 2 2 7 8
"297" 3 1 2 5
"298" 1 2 4 7
"299" 2 2 7 2
"300" 4 4 5 7
"301" 6 6 3 3
"302" 6 6 3 3
"303" 2 2 7 2
"304" 6 6 3 3
"305" 2 2 4 2
"306" 2 2 7 2
"307" 1 2 4 5
"308" 1 2 4 2
"309" 4 4 5 7
"310" 6 6 3 3
"311" 5 3 6 8
"312" 3 3 6 4
"313" 2 2 4 5
"314" 1 2 4 6
"315" 5 5 7 6
"316" 1 1 7 5
"317" 1 1 2 5
"318" 5 1 7 2
"319" 6 6 3 3
"320" 6 6 3 3
"321" 5 5 6 8
"322" 1 1 2 5
"323" 2 2 4 2
"324" 2 2 4 2
"325" 6 6 3 3
"326" 6 6 3 3
"327" 6 6 3 3
"328" 2 2 4 6
"329" 1 2 4 6
"330" 3 3 6 4
"331" 2 2 4 2
"332" 2 2 4 2
"333" 6 6 3 3
"334" 5 1 2 2
"335" 1 2 4 2
"336" 5 5 6 8
"337" 6 6 3 3
"338" 5 2 7 6
"339" 1 1 7 5
"340" 1 2 4 2
"341" 6 6 3 3
"342" 6 6 3 3
"343" 6 5 3 3
"344" 5 1 7 2
"345" 1 1 2 5
"346" 4 4 4 2
"347" 1 1 2 5
"348" 5 1 7 2
"349" 5 3 6 4
"350" 1 1 2 6
"351" 1 1 2 5
"352" 2 2 7 2
"353" 4 4 5 7
"354" 4 4 1 7
"355" 2 2 4 2
"356" 5 5 6 8
"357" 1 2 2 5
"358" 2 2 4 2
"359" 1 2 4 6
"360" 3 3 6 4
"361" 1 2 4 6
"362" 2 2 4 2
"363" 5 1 7 2
"364" 6 6 3 3
"365" 6 6 3 3
"366" 6 6 3 3
"367" 6 6 3 3
"368" 6 6 3 3
"369" 2 2 4 6
"370" 5 1 6 8
"371" 2 2 4 7
"372" 2 2 4 2
"373" 5 3 6 8
"374" 2 2 7 2
"375" 5 5 7 2
"376" 5 1 7 5
"377" 5 3 6 8
"378" 4 4 5 7
"379" 6 6 3 3
"380" 1 2 4 6
"381" 1 1 2 6
"382" 5 5 7 8
"383" 4 4 5 7
"384" 5 2 7 6
"385" 5 5 6 8
"386" 2 2 4 2
"387" 6 6 3 3
"388" 1 1 2 5
"389" 2 2 4 2
"390" 4 4 1 7
"391" 3 3 6 4
"392" 6 6 3 3
"393" 4 2 4 7
"394" 6 6 3 3
"395" 3 3 6 4
"396" 1 2 4 2
"397" 3 3 6 4
"398" 5 5 6 8
"399" 1 1 2 5
"400" 6 6 3 3
"401" 4 4 5 7
"402" 6 6 3 3
"403" 5 3 6 8
"404" 5 5 7 6
"405" 5 1 2 5
"406" 2 2 4 2
"407" 6 5 3 3
"408" 2 2 4 2
"409" 6 6 3 3
"410" 5 1 7 6
"411" 1 2 4 6
"412" 1 1 2 5
"413" 5 1 2 6
"414" 1 2 4 2
"415" 3 3 6 4
"416" 3 3 6 4
"417" 2 2 4 2
"418" 6 6 3 3
"419" 2 2 4 2
"420" 3 3 6 4
"421" 2 2 4 2
"422" 6 6 3 3
"423" 2 2 4 2
"424" 1 2 4 2
"425" 1 2 4 6
"426" 5 2 7 2
"427" 3 3 6 4
"428" 2 2 4 2
"429" 6 6 3 3
"430" 1 1 7 2
"431" 2 2 4 2
"432" 6 6 3 3
"433" 4 4 4 7
"434" 5 1 2 4
"435" 4 2 4 2
"436" 5 5 6 2
"437" 6 6 3 3
"438" 1 2 4 2
"439" 3 3 6 4
"440" 6 6 3 3
"441" 5 1 7 5
"442" 1 1 2 5
"443" 4 4 7 9
"444" 6 6 3 3
"445" 5 5 6 8
"446" 4 2 4 7
"447" 2 2 4 2
"448" 6 6 3 3
"449" 3 3 6 4
"450" 6 5 3 3
"451" 4 4 5 7
"452" 1 1 2 5
"453" 2 2 4 6
"454" 5 1 7 2
"455" 6 6 3 3
"456" 5 5 6 8
"457" 4 4 7 8
"458" 5 5 7 6
"459" 6 6 3 3
"460" 4 2 4 7
"461" 3 3 6 4
"462" 2 2 4 2
"463" 3 5 6 4
"464" 3 3 6 4
"465" 4 4 1 7
"466" 2 2 4 6
"467" 5 5 6 8
"468" 6 6 3 3
"469" 2 2 4 6
"470" 2 2 7 6
"471" 2 2 4 2
"472" 4 4 7 2
"473" 2 2 4 2
"474" 2 2 4 6
"475" 3 1 7 4
"476" 1 2 4 2
"477" 5 1 7 5
"478" 6 6 3 3
"479" 2 2 4 2
"480" 5 1 2 6
"481" 2 2 7 2
"482" 5 1 7 2
"483" 6 6 3 3
"484" 4 4 5 7
"485" 3 3 6 5
"486" 5 5 6 8
"487" 3 3 6 4
"488" 3 3 6 4
"489" 1 1 2 2
"490" 3 3 6 4
"491" 5 1 2 4
"492" 3 1 6 4
"493" 3 3 6 4
"494" 6 6 3 3
"495" 6 6 3 3
"496" 2 2 4 2
"497" 3 3 6 4
"498" 5 5 6 8
"499" 6 6 3 3
"500" 1 1 2 6
"501" 5 1 7 2
"502" 2 2 7 2
"503" 2 2 4 2
"504" 5 3 6 8
"505" 5 3 6 5
"506" 5 1 7 6
"507" 6 6 3 3
"508" 5 1 2 5
"509" 4 5 4 6
"510" 2 2 7 2
"511" 5 5 6 8
"512" 3 1 6 4
"513" 2 2 4 2
"514" 5 5 7 8
"515" 3 3 6 4
"516" 2 2 4 2
"517" 4 4 6 9
"518" 4 4 5 7
"519" 1 2 2 6
"520" 2 2 4 2
"521" 1 2 4 6
"522" 2 2 4 6
"523" 2 2 4 6
"524" 6 5 3 3
"525" 5 3 6 6
"526" 3 1 2 5
"527" 5 1 7 5
"528" 6 3 3 3
"529" 3 1 2 4
"530" 2 2 7 2
"531" 3 1 6 4
"532" 5 1 7 5
"533" 2 2 4 6
"534" 5 1 7 2
"535" 1 2 4 6
"536" 6 6 3 3
"537" 6 5 3 3
"538" 1 1 2 5
"539" 4 4 5 7
"540" 4 4 1 7
"541" 3 3 6 4
"542" 4 2 4 6
"543" 2 2 4 6
"544" 1 1 2 5
"545" 2 2 7 2
"546" 6 6 3 3
"547" 3 3 6 4
"548" 1 1 2 5
"549" 5 1 6 5
"550" 5 1 7 2
"551" 3 3 6 4
"552" 6 6 3 3
"553" 5 1 7 6
"554" 3 2 6 4
"555" 6 5 6 3
"556" 3 3 6 4
"557" 1 1 2 5
"558" 2 2 4 2
"559" 6 6 3 3
"560" 1 1 2 5
"561" 3 3 6 4
"562" 5 1 7 6
"563" 2 2 4 8
"564" 6 6 3 3
"565" 3 3 6 4
"566" 3 3 6 4
"567" 6 6 3 3
"568" 5 5 6 8
"569" 4 4 5 7
"570" 1 1 7 4
"571" 1 1 2 6
"572" 5 3 6 8
"573" 4 4 5 7
"574" 2 2 4 2
"575" 5 5 6 8
"576" 4 4 5 7
"577" 3 5 6 5
"578" 2 2 2 2
"579" 2 2 7 2
"580" 1 1 2 5
"581" 2 2 4 6
"582" 1 2 4 2
"583" 2 2 4 2
"584" 5 2 7 6
"585" 4 4 5 7
"586" 3 3 6 4
"587" 2 2 4 2
"588" 2 2 4 2
"589" 2 2 4 2
"590" 3 3 6 4
"591" 4 4 5 7
"592" 1 2 2 6
"593" 4 4 5 7
"594" 4 4 1 7
"595" 1 2 4 7
"596" 3 3 6 4
"597" 6 6 3 3
"598" 2 2 7 2
"599" 1 2 4 5
"600" 4 4 7 7
"601" 2 2 4 6
"602" 4 4 5 7
"603" 4 1 7 9
"604" 1 2 4 5
"605" 3 3 6 4
"606" 3 1 6 5
"607" 2 2 4 2
"608" 1 2 4 2
"609" 6 6 3 3
"610" 6 6 3 3
"611" 2 2 4 6
"612" 4 4 5 7
"613" 3 3 6 4
"614" 2 2 4 2
"615" 5 3 6 4
"616" 6 6 3 3
"617" 3 3 6 4
"618" 3 3 6 4
"619" 3 3 6 4
"620" 5 1 7 5
"621" 5 3 6 4
"622" 4 4 5 7
"623" 2 2 4 6
"624" 6 6 3 3
"625" 6 6 3 3
"626" 2 2 7 2
"627" 2 2 7 2
"628" 6 6 3 3
"629" 5 1 7 4
"630" 6 6 3 3
"631" 5 5 6 8
"632" 1 1 2 5
"633" 6 6 3 3
"634" 5 3 6 4
"635" 5 3 6 8
"636" 1 2 4 6
"637" 6 6 3 3
"638" 6 6 3 3
"639" 2 2 4 2
"640" 1 2 2 5
"641" 3 3 6 4
"642" 2 2 4 8
"643" 5 1 7 4
"644" 3 3 6 5
"645" 1 2 2 5
"646" 6 6 3 3
"647" 4 1 7 2
"648" 5 1 7 2
"649" 2 2 4 2
"650" 5 1 7 4
"651" 2 2 4 6
"652" 2 2 4 7
"653" 6 6 3 3
"654" 5 2 7 2
"655" 3 3 6 4
"656" 1 2 4 6
"657" 5 1 7 6
"658" 1 1 2 5
"659" 5 1 6 4
"660" 3 3 6 4
"661" 2 2 4 2
"662" 4 4 5 2
"663" 2 2 4 6
"664" 4 4 5 7
"665" 6 6 3 3
"666" 1 1 2 5
"667" 1 2 4 2
"668" 5 1 2 5
"669" 6 6 3 3
"670" 6 6 3 3
"671" 5 5 6 8
"672" 1 2 4 6
"673" 6 6 3 3
"674" 6 6 3 3
"675" 2 2 4 6
"676" 3 3 6 5
"677" 5 1 2 5
"678" 4 4 1 7
"679" 6 6 3 3
"680" 5 5 6 8
"681" 4 4 1 7
"682" 5 3 6 4
"683" 1 2 4 2
"684" 5 3 6 4
"685" 4 4 1 7
"686" 3 3 6 4
"687" 5 1 2 5
"688" 3 3 6 4
"689" 6 6 3 3
"690" 4 4 1 7
"691" 1 1 2 5
"692" 5 5 6 8
"693" 2 2 4 2
"694" 3 3 6 4
"695" 6 6 3 3
"696" 2 2 4 2
"697" 4 2 4 7
"698" 2 2 4 2
"699" 5 5 7 8
"700" 3 3 6 4
"701" 5 1 7 2
"702" 6 6 3 3
"703" 2 2 4 2
"704" 2 2 4 2
"705" 3 3 6 4
"706" 4 2 4 2
"707" 6 6 3 3
"708" 6 5 3 3
"709" 2 2 4 5
"710" 3 3 6 4
"711" 6 6 3 3
"712" 2 2 7 6
"713" 4 4 5 7
"714" 6 6 3 3
"715" 5 3 6 8
"716" 6 6 3 3
"717" 3 3 6 4
"718" 1 1 2 5
"719" 4 4 5 7
"720" 3 3 6 4
"721" 4 4 5 7
"722" 1 2 4 5
"723" 4 4 1 7
"724" 1 2 2 6
"725" 5 1 7 2
"726" 5 5 7 2
"727" 3 3 6 5
"728" 3 1 2 5
"729" 3 3 6 4
"730" 5 5 6 8
"731" 6 6 3 3
"732" 5 3 6 4
"733" 1 1 2 5
"734" 6 2 4 7
"735" 5 5 7 8
"736" 2 2 4 6
"737" 2 2 7 2
"738" 1 2 4 6
"739" 6 6 3 3
"740" 1 2 4 6
"741" 1 1 2 5
"742" 3 5 6 4
"743" 2 2 4 6
"744" 5 5 7 2
"745" 6 6 3 3
"746" 1 2 2 5
"747" 4 4 1 7
"748" 3 3 6 4
"749" 3 3 6 4
"750" 6 6 3 3
"751" 2 2 4 2
"752" 2 2 4 2
"753" 1 2 4 6
"754" 3 3 6 4
"755" 5 2 7 2
"756" 1 2 4 5
"757" 2 2 4 2
"758" 5 6 6 5
"759" 2 2 4 2
"760" 6 6 3 3
"761" 2 2 4 2
"762" 2 2 4 6
"763" 4 4 5 7
"764" 1 2 4 6
"765" 6 6 3 3
"766" 5 1 7 8
"767" 1 1 2 4
"768" 1 1 2 6
"769" 6 6 3 3
"770" 1 2 4 2
"771" 1 1 7 2
"772" 1 1 7 5
"773" 6 6 3 3
"774" 6 6 3 3
"775" 4 4 7 9
"776" 5 1 2 6
"777" 1 2 7 6
"778" 3 1 2 4
"779" 3 3 6 4
"780" 2 2 4 2
"781" 3 1 2 4
"782" 2 2 4 2
"783" 6 6 3 3
"784" 2 2 4 2
"785" 5 1 7 2
"786" 1 2 4 2
"787" 6 6 3 3
"788" 1 2 7 2
"789" 5 2 7 2
"790" 1 1 2 5
"791" 6 6 3 3
"792" 1 2 2 5
"793" 3 3 6 4
"794" 3 3 6 4
"795" 5 5 6 8
"796" 3 3 6 4
"797" 2 2 7 2
"798" 5 5 6 8
"799" 6 6 3 3
"800" 5 5 6 8
"801" 1 2 4 2
"802" 3 1 2 5
"803" 1 2 7 6
"804" 3 1 2 4
"805" 2 2 4 2
"806" 2 2 4 6
"807" 2 2 4 2
"808" 1 2 2 5
"809" 6 6 3 3
"810" 6 6 3 3
"811" 6 6 3 3
"812" 6 6 3 3
"813" 2 2 4 2
"814" 5 3 6 8
"815" 6 6 3 3
"816" 5 1 7 5
"817" 4 4 5 7
"818" 3 3 6 4
"819" 2 2 4 6
"820" 2 2 7 2
"821" 5 1 7 6
"822" 2 2 4 2
"823" 5 5 7 2
"824" 3 3 6 4
"825" 3 3 6 5
"826" 2 2 4 2
"827" 2 2 4 6
"828" 3 3 6 4
"829" 1 1 2 5
"830" 3 1 2 4
"831" 3 3 6 4
"832" 6 6 3 3
"833" 2 2 4 2
"834" 5 1 7 5
"835" 4 1 7 2
"836" 5 3 6 4
"837" 1 2 2 5
"838" 6 6 3 3
"839" 3 3 6 4
"840" 3 1 6 5
"841" 6 6 3 3
"842" 1 2 2 2
"843" 5 5 6 8
"844" 2 2 4 6
"845" 2 2 7 2
"846" 2 2 4 2
"847" 2 2 4 2
"848" 5 5 6 8
"849" 5 5 6 8
"850" 6 6 3 3
"851" 2 2 7 2
"852" 6 6 3 3
"853" 1 1 2 5
"854" 4 4 5 7
"855" 2 2 4 2
"856" 5 3 6 8
"857" 5 3 6 8
"858" 1 2 2 5
"859" 2 2 7 2
"860" 6 6 6 3
"861" 3 1 2 4
"862" 5 1 2 6
"863" 5 5 7 2
"864" 2 2 4 2
"865" 4 4 4 2
"866" 5 1 2 5
"867" 6 6 3 3
"868" 1 2 4 5
"869" 3 5 6 4
"870" 1 2 2 6
"871" 2 2 7 2
"872" 4 2 4 7
"873" 6 6 3 3
"874" 3 3 6 4
"875" 2 2 4 2
"876" 1 1 2 2
"877" 6 6 3 3
"878" 1 1 2 4
"879" 1 2 4 6
"880" 1 2 4 6
"881" 2 2 4 2
"882" 6 6 3 3
"883" 3 3 6 4
"884" 1 2 4 2
"885" 1 1 2 5
"886" 4 4 5 7
"887" 1 2 4 6
"888" 1 2 2 5
"889" 1 2 4 2
"890" 6 6 3 3
"891" 1 2 7 6
"892" 3 3 6 4
"893" 3 3 6 5
"894" 3 1 6 5
"895" 5 5 7 8
"896" 6 6 3 3
"897" 2 2 7 2
"898" 6 6 3 3
"899" 2 2 4 6
"900" 1 2 4 6
"901" 1 1 2 5
"902" 2 5 7 2
"903" 6 6 3 3
"904" 6 4 7 5
"905" 2 2 4 2
"906" 2 2 4 2
"907" 4 4 5 7
"908" 3 3 6 4
"909" 2 2 7 2
"910" 6 6 3 3
"911" 5 5 7 8
"912" 4 4 5 7
"913" 5 1 7 4
"914" 3 3 6 4
"915" 4 4 5 7
"916" 2 2 4 6
"917" 3 3 6 4
"918" 3 3 6 4
"919" 2 2 4 2
"920" 1 1 2 5
"921" 6 6 6 3
"922" 6 6 3 3
"923" 3 1 2 5
"924" 1 2 4 2
"925" 3 3 6 4
"926" 1 2 4 5
"927" 4 4 5 7
"928" 5 1 7 6
"929" 1 1 2 2
"930" 5 5 7 8
"931" 5 3 6 4
"932" 1 2 4 6
"933" 4 4 7 9
"934" 4 1 2 5
"935" 3 3 6 4
"936" 6 6 3 3
"937" 6 6 3 3
"938" 5 1 7 8
"939" 3 1 6 5
"940" 6 6 3 3
"941" 6 6 3 3
"942" 5 1 2 5
"943" 5 1 7 8
"944" 3 1 2 5
"945" 2 2 4 2
"946" 2 2 7 6
"947" 5 3 6 8
"948" 5 1 2 5
"949" 6 3 3 3
"950" 3 1 6 4
"951" 2 2 4 2
"952" 6 6 3 3
"953" 6 6 3 3
"954" 4 4 5 7
"955" 5 1 7 8
"956" 2 2 4 2
"957" 5 1 7 5
"958" 6 6 3 3
"959" 3 3 6 4
"960" 5 3 6 4
"961" 2 2 4 2
"962" 2 2 4 6
"963" 2 2 4 6
"964" 4 1 7 9
"965" 2 2 4 2
"966" 3 3 6 5
"967" 5 2 7 2
"968" 6 6 3 3
"969" 3 1 6 5
"970" 4 1 7 2
"971" 2 2 4 2
"972" 2 2 4 8
"973" 4 4 5 7
"974" 3 3 6 4
"975" 1 2 7 6
"976" 4 1 7 2
"977" 3 5 6 4
"978" 3 3 6 4
"979" 6 6 6 3
"980" 6 6 3 3
"981" 5 1 7 2
"982" 5 5 7 8
"983" 6 6 3 3
"984" 1 1 2 5
"985" 3 3 6 5
"986" 6 6 3 3
"987" 6 6 3 3
"988" 3 3 6 4
"989" 5 1 7 4
"990" 6 6 6 3
"991" 5 5 6 8
"992" 4 4 5 7
"993" 6 6 3 3
"994" 3 3 6 4
"995" 5 3 6 8
"996" 4 4 1 7
"997" 2 2 4 2
"998" 2 5 7 2
"999" 2 2 4 6
"1000" 5 3 6 4
"1001" 6 6 3 3
"1002" 6 3 6 8
"1003" 1 1 2 5
"1004" 1 2 7 6
"1005" 2 2 4 2
"1006" 1 1 2 6
"1007" 6 6 3 3
"1008" 1 1 2 5
"1009" 3 3 6 4
"1010" 1 2 2 5
"1011" 6 6 6 4
"1012" 2 2 4 2
"1013" 5 5 6 8
"1014" 3 3 6 4
"1015" 6 6 3 3
"1016" 6 6 3 3
"1017" 1 1 2 5
"1018" 6 6 3 3
"1019" 6 6 3 3
"1020" 3 3 6 4
"1021" 5 3 6 4
"1022" 2 2 4 2
"1023" 5 1 7 2
"1024" 1 1 2 5
"1025" 5 5 7 6
"1026" 3 3 6 4
"1027" 5 3 6 8
"1028" 4 2 7 2
"1029" 2 2 4 2
"1030" 5 5 6 8
"1031" 6 6 3 3
"1032" 4 4 5 7
"1033" 6 5 3 3
"1034" 3 3 6 4
"1035" 1 1 2 5
"1036" 6 3 6 4
"1037" 2 2 4 2
"1038" 6 6 3 3
"1039" 4 2 4 5
"1040" 6 6 3 3
"1041" 1 2 4 6
"1042" 5 1 7 5
"1043" 3 3 6 4
"1044" 1 2 4 6
"1045" 4 4 5 7
"1046" 1 2 4 6
"1047" 1 1 2 5
"1048" 6 6 3 3
"1049" 6 6 3 3
"1050" 6 6 3 3
"1051" 5 5 7 8
"1052" 4 4 5 7
"1053" 5 3 6 8
"1054" 3 1 2 4
"1055" 2 2 4 2
"1056" 6 6 3 3
"1057" 1 2 4 2
"1058" 6 6 3 3
"1059" 6 6 3 3
"1060" 6 6 3 3
"1061" 5 3 6 4
"1062" 6 6 3 3
"1063" 3 3 6 4
"1064" 2 2 4 2
"1065" 1 1 7 6
"1066" 5 5 7 2
"1067" 3 3 6 4
"1068" 3 1 2 5
"1069" 2 2 7 2
"1070" 6 6 3 3
"1071" 6 6 3 3
"1072" 6 5 3 3
"1073" 3 3 6 5
"1074" 5 3 6 8
"1075" 2 2 4 6
"1076" 3 3 6 4
"1077" 5 3 6 8
"1078" 5 1 7 6
"1079" 5 1 7 2
"1080" 1 1 2 5
"1081" 3 3 6 4
"1082" 2 2 4 2
"1083" 5 1 7 5
"1084" 2 2 4 2
"1085" 6 3 6 4
"1086" 5 5 6 8
"1087" 4 4 1 7
"1088" 6 6 3 3
"1089" 5 5 6 8
"1090" 3 3 6 4
"1091" 5 5 7 8
"1092" 2 2 4 6
"1093" 5 3 6 8
"1094" 1 2 4 5
"1095" 5 3 6 4
"1096" 5 3 6 8
"1097" 6 6 3 3
"1098" 3 3 6 5
"1099" 4 4 5 7
"1100" 6 6 3 3
"1101" 2 2 7 2
"1102" 6 6 3 3
"1103" 3 3 6 4
"1104" 6 6 3 3
"1105" 5 5 6 8
"1106" 5 1 6 6
"1107" 1 1 2 5
"1108" 3 3 6 4
"1109" 6 6 3 3
"1110" 1 2 2 5
"1111" 5 5 7 2
"1112" 5 5 7 2
"1113" 1 1 2 5
"1114" 3 3 6 4
"1115" 6 3 3 4
"1116" 5 5 6 4
"1117" 1 1 2 5
"1118" 3 3 6 4
"1119" 2 5 7 2
"1120" 2 2 4 2
"1121" 2 2 7 2
"1122" 5 5 7 2
"1123" 6 6 3 3
"1124" 5 2 7 6
"1125" 4 4 5 7
"1126" 2 2 4 2
"1127" 1 1 2 4
"1128" 5 3 6 8
"1129" 6 6 3 3
"1130" 5 5 7 4
"1131" 1 2 4 2
"1132" 4 4 1 7
"1133" 6 6 3 3
"1134" 6 5 3 3
"1135" 5 5 6 8
"1136" 3 3 6 4
"1137" 6 6 3 3
"1138" 1 2 4 5
"1139" 2 2 4 2
"1140" 4 2 4 2
"1141" 3 3 6 4
"1142" 6 6 3 3
"1143" 3 1 6 5
"1144" 6 6 3 3
"1145" 6 6 3 3
"1146" 6 6 3 3
"1147" 2 2 4 2
"1148" 5 5 7 2
"1149" 1 2 4 6
"1150" 1 2 4 5
"1151" 3 1 2 4
"1152" 3 3 6 4
"1153" 3 3 6 4
"1154" 5 3 6 2
"1155" 3 3 6 4
"1156" 5 5 7 8
"1157" 1 1 2 5
"1158" 5 3 6 8
"1159" 5 5 6 8
"1160" 6 6 3 3
"1161" 6 6 3 3
"1162" 3 3 6 4
"1163" 1 1 2 5
"1164" 5 5 7 2
"1165" 6 6 3 3
"1166" 2 2 4 5
"1167" 2 2 4 6
"1168" 2 2 4 2
"1169" 4 1 7 2
"1170" 6 6 3 3
"1171" 5 1 6 4
"1172" 2 2 7 2
"1173" 1 1 2 6
"1174" 5 5 7 2
"1175" 6 6 3 3
"1176" 1 1 2 5
"1177" 6 6 3 3
"1178" 4 2 4 3
"1179" 6 6 3 3
"1180" 5 2 7 2
"1181" 2 2 4 2
"1182" 4 4 1 7
"1183" 2 2 7 2
"1184" 4 4 5 7
"1185" 3 1 2 5
"1186" 1 1 2 5
"1187" 3 1 2 5
"1188" 3 1 2 5
"1189" 2 2 7 2
"1190" 2 2 7 2
"1191" 1 2 4 6
"1192" 5 3 6 4
"1193" 1 2 4 6
"1194" 1 2 4 6
"1195" 3 3 6 4
"1196" 1 2 4 5
"1197" 6 6 3 3
"1198" 2 2 4 6
"1199" 1 1 2 5
"1200" 6 6 3 3
"1201" 4 4 5 7
"1202" 3 3 6 4
"1203" 5 1 7 6
"1204" 2 2 4 6
"1205" 6 6 3 3
"1206" 6 6 3 5
"1207" 3 3 6 4
"1208" 6 6 3 3
"1209" 1 2 4 6
"1210" 1 2 4 2
"1211" 5 1 2 6
"1212" 3 3 6 4
"1213" 3 3 6 4
"1214" 2 2 4 6
"1215" 1 1 2 5
"1216" 6 6 3 3
"1217" 1 2 7 6
"1218" 6 6 3 3
"1219" 2 2 4 2
"1220" 1 1 2 5
"1221" 4 4 5 7
"1222" 2 2 7 6
"1223" 6 3 6 3
"1224" 6 6 3 3
"1225" 3 1 2 5
"1226" 6 6 3 3
"1227" 2 2 4 2
"1228" 4 1 7 9
"1229" 6 3 6 4
"1230" 3 3 6 4
"1231" 3 3 6 4
"1232" 6 6 3 3
"1233" 4 2 4 7
"1234" 3 3 6 4
"1235" 5 1 7 6
"1236" 3 3 6 4
"1237" 3 1 2 5
"1238" 3 3 6 4
"1239" 2 2 7 6
"1240" 5 1 2 5
"1241" 1 1 2 5
"1242" 4 4 1 7
"1243" 5 3 6 8
"1244" 2 2 4 2
"1245" 4 4 4 2
"1246" 6 3 6 3
"1247" 3 3 6 4
"1248" 2 2 4 6
"1249" 1 1 2 5
"1250" 4 4 1 7
"1251" 1 1 2 5
"1252" 5 3 6 4
"1253" 1 1 2 6
"1254" 5 5 6 8
"1255" 4 4 5 6
"1256" 2 2 4 6
"1257" 1 1 2 5
"1258" 1 2 4 7
"1259" 6 6 3 3
"1260" 3 3 6 4
"1261" 2 2 4 2
"1262" 1 2 4 6
"1263" 6 6 3 3
"1264" 1 2 2 6
"1265" 4 2 4 2
"1266" 6 6 3 3
"1267" 6 6 3 3
"1268" 5 1 7 2
"1269" 6 6 3 3
"1270" 5 2 7 2
"1271" 2 2 4 2
"1272" 3 1 2 5
"1273" 2 2 7 2
"1274" 5 3 6 8
"1275" 3 3 6 4
"1276" 1 2 2 5
"1277" 1 1 7 5
"1278" 5 3 6 8
"1279" 6 6 3 3
"1280" 1 2 4 2
"1281" 5 5 6 8
"1282" 3 3 6 4
"1283" 6 6 3 3
"1284" 5 5 6 8
"1285" 2 2 4 2
"1286" 4 2 4 2
"1287" 2 2 4 2
"1288" 3 5 6 4
"1289" 5 5 7 8
"1290" 6 3 6 3
"1291" 6 6 3 3
"1292" 2 2 4 6
"1293" 6 6 3 3
"1294" 3 3 6 4
"1295" 6 6 3 3
"1296" 6 5 6 3
"1297" 5 5 7 2
"1298" 3 3 6 4
"1299" 4 4 7 9
"1300" 2 2 7 2
"1301" 3 3 6 4
"1302" 5 1 7 5
"1303" 3 3 6 4
"1304" 2 2 4 6
"1305" 2 2 7 2
"1306" 6 6 3 3
"1307" 2 2 7 2
"1308" 2 2 4 6
"1309" 6 6 3 3
"1310" 2 2 4 2
"1311" 3 3 6 4
"1312" 6 6 3 3
"1313" 4 4 1 7
"1314" 3 1 2 4
"1315" 6 6 3 3
"1316" 3 3 6 4
"1317" 6 6 3 3
"1318" 3 1 6 4
"1319" 6 6 3 7
"1320" 6 3 3 3
"1321" 2 2 4 2
"1322" 6 6 3 3
"1323" 3 1 2 5
"1324" 3 3 6 4
"1325" 6 6 3 3
"1326" 3 1 2 4
"1327" 1 2 4 6
"1328" 3 3 6 4
"1329" 1 1 2 8
"1330" 6 6 3 3
"1331" 5 1 7 2
"1332" 4 4 1 7
"1333" 1 1 2 5
"1334" 6 5 3 3
"1335" 1 2 4 6
"1336" 3 3 6 4
"1337" 3 1 2 5
"1338" 6 6 6 2
"1339" 3 3 6 4
"1340" 2 2 4 2
"1341" 5 1 7 6
"1342" 4 4 4 9
"1343" 1 1 2 5
"1344" 6 6 3 3
"1345" 1 1 2 5
"1346" 6 6 3 3
"1347" 3 3 6 4
"1348" 5 3 6 8
"1349" 1 1 2 5
"1350" 3 3 6 4
"1351" 5 1 7 6
"1352" 5 5 7 2
"1353" 1 2 4 7
"1354" 3 1 6 4
"1355" 5 5 6 8
"1356" 6 6 3 3
"1357" 1 2 4 5
"1358" 5 5 6 8
"1359" 5 3 6 8
"1360" 6 6 3 3
"1361" 2 2 4 2
"1362" 1 2 4 6
"1363" 5 5 7 2
"1364" 2 2 4 2
"1365" 1 2 4 6
"1366" 3 1 2 5
"1367" 3 3 6 4
"1368" 6 6 3 3
"1369" 1 1 2 4
"1370" 3 3 6 4
"1371" 2 2 4 6
"1372" 1 2 2 5
"1373" 1 2 2 5
"1374" 3 1 2 5
"1375" 3 3 6 5
"1376" 4 2 4 2
"1377" 3 3 6 5
"1378" 3 3 6 4
"1379" 2 2 4 2
"1380" 2 2 4 2
"1381" 6 6 3 3
"1382" 3 3 6 4
"1383" 1 2 4 2
"1384" 3 3 6 4
"1385" 3 1 2 4
"1386" 5 5 7 2
"1387" 1 1 2 5
"1388" 5 3 6 4
"1389" 3 3 6 4
"1390" 2 2 4 2
"1391" 5 5 6 8
"1392" 3 3 6 4
"1393" 2 5 7 2
"1394" 1 1 2 5
"1395" 3 1 2 5
"1396" 1 2 2 5
"1397" 1 1 2 5
"1398" 1 1 2 6
"1399" 2 2 4 2
"1400" 3 3 6 4
"1401" 1 2 2 5
"1402" 6 6 3 3
"1403" 6 3 6 4
"1404" 6 6 3 3
"1405" 2 2 4 6
"1406" 4 4 5 7
"1407" 1 1 2 5
"1408" 6 6 3 3
"1409" 2 2 4 2
"1410" 6 5 7 8
"1411" 4 4 5 7
"1412" 5 1 7 4
"1413" 2 2 4 2
"1414" 4 2 4 2
"1415" 3 3 6 4
"1416" 5 5 7 2
"1417" 2 2 7 2
"1418" 6 6 3 3
"1419" 3 1 2 5
"1420" 3 1 2 5
"1421" 6 5 3 3
"1422" 6 6 3 3
"1423" 4 2 4 2
"1424" 1 1 2 5
"1425" 4 4 5 7
"1426" 1 2 2 5
"1427" 1 2 4 6
"1428" 3 3 6 4
"1429" 1 2 4 2
"1430" 5 2 7 2
"1431" 2 4 4 2
"1432" 2 2 4 2
"1433" 3 3 6 5
"1434" 4 4 1 7
"1435" 4 4 7 9
"1436" 3 3 6 4
"1437" 5 1 7 2
"1438" 4 4 5 7
"1439" 6 6 3 3
"1440" 1 1 2 5
"1441" 2 2 4 2
"1442" 3 1 2 4
"1443" 1 2 4 5
"1444" 1 2 2 5
"1445" 6 6 3 3
"1446" 1 1 2 5
"1447" 6 6 3 3
"1448" 2 2 4 2
"1449" 1 2 4 2
"1450" 3 1 2 4
"1451" 4 4 4 7
"1452" 2 2 7 6
"1453" 3 1 2 5
"1454" 3 1 2 5
"1455" 1 2 2 5
"1456" 2 2 7 2
"1457" 4 2 4 7
"1458" 6 6 3 3
"1459" 6 6 3 3
"1460" 5 5 7 6
"1461" 6 6 3 3
"1462" 6 6 3 3
"1463" 5 5 6 8
"1464" 5 3 6 8
"1465" 1 2 4 2
"1466" 5 3 6 4
"1467" 3 1 6 4
"1468" 1 1 2 5
"1469" 2 2 4 2
"1470" 2 2 4 2
"1471" 6 6 3 3
"1472" 3 3 6 4
"1473" 5 5 7 8
"1474" 6 6 3 3
"1475" 4 2 4 2
"1476" 1 2 4 2
"1477" 1 2 4 5
"1478" 1 1 2 5
"1479" 1 1 2 5
"1480" 1 2 7 6
"1481" 4 4 5 7
"1482" 2 2 4 2
"1483" 6 6 3 3
"1484" 1 2 4 5
"1485" 6 6 3 3
"1486" 6 6 3 3
"1487" 1 1 2 4
"1488" 1 2 4 5
"1489" 6 6 3 3
"1490" 5 5 6 8
"1491" 3 3 6 4
"1492" 4 4 4 2
"1493" 5 3 6 8
"1494" 3 1 6 4
"1495" 3 3 6 4
"1496" 1 1 2 5
"1497" 5 5 6 8
"1498" 1 2 4 6
"1499" 3 3 6 4
"1500" 3 3 6 4
"1501" 2 2 7 2
"1502" 5 5 7 2
"1503" 1 2 4 2
"1504" 6 6 3 3
"1505" 5 5 6 8
"1506" 3 3 6 4
"1507" 6 6 3 3
"1508" 2 2 4 2
"1509" 6 6 3 3
"1510" 1 2 4 5
"1511" 6 6 3 3
"1512" 6 6 3 3
"1513" 5 1 7 6
"1514" 5 1 7 6
"1515" 5 2 7 2
"1516" 6 6 3 3
"1517" 6 3 6 3
"1518" 4 5 3 3
"1519" 2 2 4 6
"1520" 1 2 4 6
"1521" 6 3 6 3
"1522" 3 1 6 4
"1523" 2 2 4 2
"1524" 6 6 3 3
"1525" 3 1 2 5
"1526" 3 3 6 4
"1527" 4 4 5 7
"1528" 6 6 3 3
"1529" 2 2 7 2
"1530" 1 2 4 6
"1531" 1 2 4 6
"1532" 3 6 6 4
"1533" 5 5 6 8
"1534" 4 4 5 7
"1535" 3 3 6 4
"1536" 2 2 4 2
"1537" 2 2 4 2
"1538" 3 1 6 4
"1539" 6 3 6 3
"1540" 3 5 6 4
"1541" 3 3 6 4
"1542" 6 6 3 3
"1543" 1 1 2 5
"1544" 1 2 4 2
"1545" 2 2 4 6
"1546" 6 6 3 3
"1547" 6 6 3 3
"1548" 3 3 6 4
"1549" 6 6 3 3
"1550" 2 2 4 2
"1551" 5 1 7 4
"1552" 2 2 4 2
"1553" 4 4 1 7
"1554" 5 3 6 4
"1555" 3 3 6 4
"1556" 1 2 4 5
"1557" 1 1 2 5
"1558" 6 6 3 3
"1559" 1 2 4 2
"1560" 5 3 6 8
"1561" 3 3 6 4
"1562" 4 1 7 9
"1563" 1 2 7 2
"1564" 6 6 3 3
"1565" 4 2 4 2
"1566" 2 2 4 6
"1567" 3 3 6 5
"1568" 2 2 4 2
"1569" 3 1 2 5
"1570" 5 5 7 8
"1571" 1 1 2 4
"1572" 2 2 4 2
"1573" 1 1 2 6
"1574" 1 2 2 5
"1575" 5 3 6 8
"1576" 5 5 6 8
"1577" 1 1 2 5
"1578" 1 2 4 2
"1579" 5 3 6 8
"1580" 5 3 6 4
"1581" 4 4 1 7
"1582" 2 2 7 2
"1583" 2 2 4 6
"1584" 1 4 4 7
"1585" 4 4 1 7
"1586" 4 4 4 2
"1587" 3 3 6 4
"1588" 2 2 7 6
"1589" 1 2 4 6
"1590" 6 6 3 4
"1591" 6 6 3 3
"1592" 1 1 2 5
"1593" 5 1 7 8
"1594" 5 5 6 4
"1595" 1 2 4 6
"1596" 6 6 3 3
"1597" 2 2 4 6
"1598" 1 2 4 2
"1599" 6 6 3 3
"1600" 2 2 4 2
"1601" 6 6 3 3
"1602" 1 1 2 5
"1603" 4 4 5 7
"1604" 2 2 4 2
"1605" 5 3 6 4
"1606" 5 5 6 8
"1607" 5 5 6 8
"1608" 5 1 7 2
"1609" 3 3 6 4
"1610" 1 1 2 5
"1611" 6 6 3 3
"1612" 4 4 4 2
"1613" 4 4 5 7
"1614" 3 3 6 4
"1615" 6 3 6 3
"1616" 5 5 6 8
"1617" 1 2 7 6
"1618" 2 2 4 2
"1619" 3 3 6 5
"1620" 4 5 4 2
"1621" 2 2 4 2
"1622" 5 5 7 2
"1623" 6 6 3 3
"1624" 5 5 7 8
"1625" 3 1 2 4
"1626" 4 4 7 8
"1627" 3 3 6 4
"1628" 3 3 6 4
"1629" 6 6 3 3
"1630" 6 6 3 3
"1631" 3 3 6 4
"1632" 3 3 6 4
"1633" 3 1 7 4
"1634" 2 2 4 6
"1635" 1 2 2 5
"1636" 1 2 4 2
"1637" 3 3 6 4
"1638" 3 3 6 4
"1639" 5 3 6 5
"1640" 3 3 6 4
"1641" 5 5 7 8
"1642" 1 1 2 5
"1643" 2 2 4 2
"1644" 3 3 6 4
"1645" 6 5 6 3
"1646" 4 4 5 7
"1647" 1 1 2 5
"1648" 4 4 1 7
"1649" 2 2 4 2
"1650" 2 2 4 2
"1651" 6 6 3 3
"1652" 2 2 4 6
"1653" 2 2 4 2
"1654" 1 1 2 2
"1655" 4 4 7 9
"1656" 3 1 2 4
"1657" 1 1 2 6
"1658" 1 1 2 5
"1659" 5 3 6 4
"1660" 4 4 5 7
"1661" 5 5 6 8
"1662" 6 6 3 3
"1663" 6 6 3 3
"1664" 5 5 7 2
"1665" 6 6 3 3
"1666" 6 6 3 3
"1667" 2 2 4 2
"1668" 5 1 7 6
"1669" 3 1 6 4
"1670" 2 2 4 6
"1671" 4 4 5 7
"1672" 3 3 6 4
"1673" 3 3 6 4
"1674" 1 2 4 6
"1675" 2 2 4 2
"1676" 6 6 3 3
"1677" 5 3 6 8
"1678" 5 1 2 6
"1679" 1 2 4 2
"1680" 5 1 7 5
"1681" 4 4 5 7
"1682" 3 3 6 4
"1683" 5 5 7 2
"1684" 5 1 7 5
"1685" 1 2 2 5
"1686" 5 5 7 8
"1687" 2 2 4 8
"1688" 1 1 7 5
"1689" 2 2 4 2
"1690" 6 6 3 3
"1691" 4 4 5 7
"1692" 4 4 5 7
"1693" 3 3 6 4
"1694" 1 2 4 5
"1695" 3 3 6 4
"1696" 3 1 6 4
"1697" 5 5 7 8
"1698" 5 3 6 8
"1699" 2 2 4 2
"1700" 6 6 3 3
"1701" 2 2 4 2
"1702" 6 6 3 8
"1703" 5 3 6 8
"1704" 6 6 3 3
"1705" 6 6 3 3
"1706" 3 1 2 5
"1707" 6 6 3 3
"1708" 1 1 2 6
"1709" 5 5 6 8
"1710" 3 3 6 4
"1711" 3 3 6 4
"1712" 3 1 2 5
"1713" 1 1 2 4
"1714" 3 1 2 5
"1715" 1 1 2 5
"1716" 6 6 3 3
"1717" 5 1 7 2
"1718" 1 1 2 5
"1719" 4 2 4 7
"1720" 4 4 5 7
"1721" 1 1 2 5
"1722" 3 3 6 4
"1723" 2 2 4 2
"1724" 2 2 4 2
"1725" 3 3 6 4
"1726" 2 2 4 2
"1727" 5 3 6 4
"1728" 1 2 4 6
"1729" 4 4 7 9
"1730" 6 6 3 3
"1731" 1 2 4 6
"1732" 4 4 4 7
"1733" 1 2 4 2
"1734" 1 2 4 6
"1735" 5 1 2 4
"1736" 6 6 3 3
"1737" 3 3 6 4
"1738" 1 1 2 5
"1739" 1 1 7 3
"1740" 2 2 4 2
"1741" 2 2 4 2
"1742" 5 2 7 2
"1743" 6 6 3 3
"1744" 3 3 6 4
"1745" 5 3 6 4
"1746" 1 1 2 5
"1747" 4 4 1 7
"1748" 6 6 3 3
"1749" 5 5 7 8
"1750" 2 2 4 2
"1751" 5 5 7 2
"1752" 6 6 3 3
"1753" 5 3 6 8
"1754" 6 6 3 3
"1755" 6 6 3 3
"1756" 5 5 7 2
"1757" 1 2 7 2
"1758" 5 2 7 2
"1759" 4 1 7 9
"1760" 3 3 6 4
"1761" 5 1 2 5
"1762" 3 1 2 4
"1763" 1 2 2 5
"1764" 2 2 4 7
"1765" 5 3 6 4
"1766" 5 3 6 4
"1767" 5 5 6 8
"1768" 3 3 6 4
"1769" 6 6 7 5
"1770" 5 1 7 2
"1771" 6 6 3 3
"1772" 6 5 3 3
"1773" 1 2 4 2
"1774" 3 3 6 4
"1775" 6 6 3 3
"1776" 1 2 4 6
"1777" 6 6 3 3
"1778" 1 2 2 5
"1779" 1 2 2 5
"1780" 1 2 4 6
"1781" 6 6 3 3
"1782" 3 1 6 4
"1783" 3 3 6 4
"1784" 6 6 3 3
"1785" 3 3 6 4
"1786" 1 2 2 5
"1787" 4 4 1 7
"1788" 2 2 4 2
"1789" 6 5 3 3
"1790" 6 5 3 3
"1791" 3 3 6 4
"1792" 5 3 6 8
"1793" 4 4 1 7
"1794" 5 1 7 2
"1795" 1 1 2 5
"1796" 3 5 6 4
"1797" 2 2 4 2
"1798" 6 6 3 3
"1799" 6 6 3 3
"1800" 5 1 2 2
"1801" 6 6 3 3
"1802" 2 2 4 2
"1803" 1 1 7 5
"1804" 1 2 4 6
"1805" 4 1 7 2
"1806" 3 3 6 4
"1807" 6 6 3 3
"1808" 1 1 2 4
"1809" 4 4 7 9
"1810" 2 2 4 2
"1811" 3 1 2 4
"1812" 4 4 1 7
"1813" 5 3 6 8
"1814" 4 4 5 5
"1815" 2 2 4 2
"1816" 3 3 6 4
"1817" 3 3 6 4
"1818" 1 1 2 5
"1819" 6 6 3 3
"1820" 2 2 4 6
"1821" 2 2 4 2
"1822" 5 1 7 5
"1823" 1 1 2 5
"1824" 6 6 3 3
"1825" 5 1 7 5
"1826" 5 3 6 8
"1827" 4 4 1 7
"1828" 5 1 7 5
"1829" 4 4 1 7
"1830" 4 2 4 5
"1831" 1 1 2 6
"1832" 4 4 5 7
"1833" 6 6 3 3
"1834" 5 1 7 2
"1835" 2 2 4 2
"1836" 6 6 3 3
"1837" 4 4 1 7
"1838" 2 2 4 6
"1839" 2 2 4 2
"1840" 6 6 3 8
"1841" 2 2 4 2
"1842" 5 1 7 5
"1843" 6 5 3 3
"1844" 4 4 1 7
"1845" 1 1 7 5
"1846" 6 6 3 3
"1847" 2 2 4 6
"1848" 1 1 2 5
"1849" 3 3 6 4
"1850" 6 6 3 3
"1851" 6 6 3 3
"1852" 1 1 2 5
"1853" 1 2 4 6
"1854" 6 6 3 3
"1855" 1 1 2 5
"1856" 1 2 7 6
"1857" 3 3 6 4
"1858" 4 4 1 7
"1859" 3 3 6 4
"1860" 1 1 2 5
"1861" 3 3 6 4
"1862" 2 5 7 2
"1863" 1 2 4 6
"1864" 5 1 7 6
"1865" 4 5 6 3
"1866" 5 5 6 8
"1867" 1 1 2 2
"1868" 6 6 3 3
"1869" 3 1 2 4
"1870" 1 2 4 6
"1871" 6 6 3 3
"1872" 5 5 7 2
"1873" 3 3 6 4
"1874" 6 6 3 3
"1875" 1 2 2 5
"1876" 1 1 2 5
"1877" 6 6 3 3
"1878" 3 3 6 4
"1879" 4 2 4 6
"1880" 3 3 6 4
"1881" 4 4 4 7
"1882" 1 1 2 5
"1883" 3 1 6 4
"1884" 5 5 6 8
"1885" 6 6 3 3
"1886" 3 3 6 4
"1887" 5 5 6 8
"1888" 5 1 7 5
"1889" 6 6 3 3
"1890" 5 1 2 4
"1891" 2 2 7 2
"1892" 6 6 3 3
"1893" 5 3 6 8
"1894" 2 2 7 2
"1895" 6 3 6 3
"1896" 4 4 1 7
"1897" 5 5 6 8
"1898" 2 2 4 2
"1899" 2 2 4 2
"1900" 6 6 3 3
"1901" 5 1 2 4
"1902" 1 1 2 5
"1903" 2 2 4 2
"1904" 3 5 6 4
"1905" 6 6 3 3
"1906" 4 4 5 7
"1907" 4 4 5 7
"1908" 1 2 4 2
"1909" 2 2 7 6
"1910" 2 2 7 2
"1911" 5 1 2 5
"1912" 2 2 4 6
"1913" 5 5 7 2
"1914" 5 1 6 6
"1915" 3 3 6 4
"1916" 2 2 4 2
"1917" 2 2 4 6
"1918" 6 6 3 3
"1919" 4 4 5 7
"1920" 3 3 6 4
"1921" 4 4 5 7
"1922" 2 2 4 2
"1923" 6 6 3 3
"1924" 6 6 3 3
"1925" 2 2 4 2
"1926" 1 2 4 6
"1927" 3 3 6 4
"1928" 2 2 4 2
"1929" 1 2 2 5
"1930" 4 4 5 7
"1931" 1 2 4 2
"1932" 5 3 6 8
"1933" 3 1 6 4
"1934" 6 6 3 3
"1935" 6 3 3 3
"1936" 4 2 4 2
"1937" 1 2 4 2
"1938" 2 2 4 2
"1939" 3 3 6 4
"1940" 5 1 7 2
"1941" 3 3 4 4
"1942" 5 3 6 8
"1943" 1 2 2 5
"1944" 3 3 6 4
"1945" 3 1 2 4
"1946" 3 3 6 4
"1947" 1 2 4 6
"1948" 5 5 7 8
"1949" 6 6 3 3
"1950" 6 5 6 8
"1951" 1 1 2 5
"1952" 5 1 6 8
"1953" 6 6 3 3
"1954" 3 3 6 4
"1955" 2 2 4 2
"1956" 2 2 4 2
"1957" 6 6 3 3
"1958" 4 4 5 7
"1959" 5 1 7 8
"1960" 3 3 6 4
"1961" 4 4 5 7
"1962" 2 2 4 2
"1963" 4 4 1 7
"1964" 6 6 3 3
"1965" 6 6 3 3
"1966" 2 2 4 2
"1967" 2 2 4 2
"1968" 2 2 4 2
"1969" 2 2 7 6
"1970" 3 1 2 4
"1971" 6 6 3 3
"1972" 1 1 7 9
"1973" 4 4 5 7
"1974" 3 3 6 4
"1975" 5 1 2 5
"1976" 2 2 4 2
"1977" 6 6 3 3
"1978" 6 6 3 3
"1979" 5 1 7 4
"1980" 4 4 5 7
"1981" 1 2 4 6
"1982" 5 3 6 4
"1983" 3 3 6 4
"1984" 1 2 4 6
"1985" 6 6 3 3
"1986" 3 3 6 4
"1987" 5 5 7 2
"1988" 3 3 6 5
"1989" 2 2 2 6
"1990" 6 6 3 3
"1991" 2 2 4 2
"1992" 5 2 7 2
"1993" 6 6 3 3
"1994" 3 3 6 4
"1995" 2 2 4 2
"1996" 2 2 4 2
"1997" 3 3 6 4
"1998" 1 1 2 5
"1999" 1 2 4 2
"2000" 6 6 3 3
"2001" 6 6 6 3
"2002" 4 4 1 7
"2003" 2 2 4 2
"2004" 4 4 5 7
"2005" 2 4 4 2
"2006" 1 1 2 5
"2007" 6 6 3 3
"2008" 6 6 3 3
"2009" 2 2 4 6
"2010" 2 2 4 2
"2011" 2 2 7 2
"2012" 6 6 3 3
"2013" 5 1 2 5
"2014" 2 2 7 2
"2015" 4 4 5 7
"2016" 1 2 4 6
"2017" 4 2 4 2
"2018" 6 6 3 3
"2019" 5 5 6 8
"2020" 1 1 2 5
"2021" 3 3 6 4
"2022" 5 5 7 2
"2023" 3 3 6 4
"2024" 1 2 4 6
"2025" 5 1 6 5
"2026" 5 5 6 8
"2027" 6 6 3 3
"2028" 5 3 6 8
"2029" 1 1 2 5
"2030" 6 6 3 3
"2031" 5 3 6 4
"2032" 5 1 7 5
"2033" 2 2 4 2
"2034" 2 2 4 2
"2035" 5 1 7 2
"2036" 3 3 6 4
"2037" 1 1 7 5
"2038" 6 6 3 3
"2039" 3 3 6 4
"2040" 5 1 7 6
"2041" 1 1 2 5
"2042" 1 2 4 6
"2043" 4 4 1 7
"2044" 3 1 2 4
"2045" 3 3 6 4
"2046" 6 5 3 3
"2047" 5 1 7 4
"2048" 2 2 7 2
"2049" 1 2 4 6
"2050" 3 3 6 4
"2051" 3 1 2 5
"2052" 4 4 7 9
"2053" 1 1 7 5
"2054" 6 6 3 3
"2055" 1 1 2 5
"2056" 3 3 6 4
"2057" 2 2 4 2
"2058" 2 2 4 2
"2059" 1 2 4 6
"2060" 3 3 6 4
"2061" 5 5 6 8
"2062" 2 2 4 6
"2063" 4 4 1 7
"2064" 4 4 4 2
"2065" 3 3 6 4
"2066" 2 2 4 2
"2067" 4 4 5 7
"2068" 2 2 4 2
"2069" 3 1 2 4
"2070" 2 2 4 6
"2071" 1 1 2 5
"2072" 1 2 4 6
"2073" 5 3 6 8
"2074" 2 2 4 2
"2075" 5 1 7 2
"2076" 1 1 2 5
"2077" 6 6 3 3
"2078" 1 2 4 2
"2079" 1 2 4 6
"2080" 4 4 1 7
"2081" 3 3 6 4
"2082" 6 6 3 3
"2083" 3 3 6 4
"2084" 5 3 6 8
"2085" 2 2 4 2
"2086" 2 2 4 2
"2087" 2 2 4 2
"2088" 1 2 7 2
"2089" 2 2 4 6
"2090" 3 3 6 4
"2091" 2 2 4 2
"2092" 6 6 3 3
"2093" 3 1 6 5
"2094" 3 3 6 4
"2095" 6 6 3 3
"2096" 5 1 7 2
"2097" 3 1 2 5
"2098" 3 5 6 4
"2099" 2 2 7 2
"2100" 2 2 7 2
"2101" 5 1 7 5
"2102" 1 2 7 2
"2103" 2 2 4 6
"2104" 5 3 6 4
"2105" 2 2 7 2
"2106" 5 3 6 8
"2107" 1 2 2 5
"2108" 1 1 2 5
"2109" 4 4 5 7
"2110" 5 3 6 4
"2111" 3 3 6 4
"2112" 4 4 1 7
"2113" 6 6 3 3
"2114" 1 2 4 6
"2115" 1 2 4 6
"2116" 1 1 2 5
"2117" 6 6 3 3
"2118" 5 5 6 8
"2119" 1 2 4 6
"2120" 1 2 2 2
"2121" 1 1 2 5
"2122" 6 6 3 3
"2123" 3 1 2 5
"2124" 1 2 2 2
"2125" 6 6 3 3
"2126" 3 3 6 4
"2127" 4 1 7 9
"2128" 5 1 2 5
"2129" 3 1 2 4
"2130" 6 6 3 3
"2131" 3 3 6 4
"2132" 1 2 2 5
"2133" 2 2 4 2
"2134" 3 3 6 4
"2135" 2 2 4 2
"2136" 6 6 3 3
"2137" 6 6 3 3
"2138" 2 2 4 2
"2139" 2 2 4 2
"2140" 2 2 4 2
"2141" 3 3 6 4
"2142" 5 5 7 2
"2143" 5 3 6 8
"2144" 5 3 6 4
"2145" 2 2 4 6
"2146" 4 4 5 7
"2147" 5 3 6 8
"2148" 6 6 3 3
"2149" 4 4 5 7
"2150" 3 3 6 4
"2151" 6 6 3 3
"2152" 6 6 3 3
"2153" 2 5 4 2
"2154" 4 4 7 9
"2155" 2 2 4 6
"2156" 5 1 2 5
"2157" 4 4 5 7
"2158" 5 1 7 2
"2159" 1 1 2 2
"2160" 3 3 6 4
"2161" 4 4 5 7
"2162" 6 6 3 3
"2163" 3 1 6 4
"2164" 2 2 4 2
"2165" 1 2 4 2
"2166" 5 5 6 8
"2167" 1 1 2 5
"2168" 3 3 6 4
"2169" 1 1 2 5
"2170" 5 1 7 6
"2171" 5 5 7 2
"2172" 6 6 3 3
"2173" 4 4 5 7
"2174" 6 6 3 3
"2175" 1 1 2 5
"2176" 3 3 6 4
"2177" 6 6 3 3
"2178" 1 1 7 6
"2179" 6 6 3 3
"2180" 4 1 7 5
"2181" 2 2 4 2
"2182" 1 2 4 2
"2183" 6 6 3 3
"2184" 5 1 7 5
"2185" 3 3 6 4
"2186" 5 1 2 4
"2187" 6 6 6 5
"2188" 1 2 4 6
"2189" 1 1 2 2
"2190" 5 5 7 6
"2191" 3 3 6 4
"2192" 3 3 6 4
"2193" 5 2 7 6
"2194" 3 3 6 4
"2195" 2 2 4 2
"2196" 3 1 2 5
"2197" 1 2 2 5
"2198" 2 2 7 2
"2199" 2 2 4 6
"2200" 4 2 4 2
"2201" 5 1 7 2
"2202" 1 2 4 2
"2203" 4 4 7 9
"2204" 2 5 4 2
"2205" 1 2 4 6
"2206" 2 2 7 6
"2207" 2 2 4 2
"2208" 1 1 2 5
"2209" 6 6 3 3
"2210" 4 4 5 7
"2211" 6 6 3 3
"2212" 5 5 6 8
"2213" 1 2 2 5
"2214" 5 1 7 8
"2215" 6 6 3 3
"2216" 1 1 2 5
"2217" 1 2 4 2
"2218" 2 2 4 2
"2219" 2 2 4 2
"2220" 5 5 7 6
"2221" 1 2 4 6
"2222" 3 3 6 5
"2223" 1 1 2 5
"2224" 6 6 3 3
"2225" 6 6 3 3
"2226" 1 2 4 6
"2227" 3 3 6 4
"2228" 3 3 6 4
"2229" 4 4 5 3
"2230" 6 6 3 3
"2231" 6 6 3 3
"2232" 3 3 6 5
"2233" 1 1 2 5
"2234" 2 2 4 2
"2235" 6 6 3 3
"2236" 2 2 4 2
"2237" 5 5 6 8
"2238" 6 6 3 3
"2239" 3 3 6 4
"2240" 6 6 3 3
"2241" 6 5 3 3
"2242" 2 2 4 2
"2243" 5 1 7 6
"2244" 1 2 7 2
"2245" 4 4 1 7
"2246" 6 6 3 3
"2247" 2 2 4 2
"2248" 2 2 4 6
"2249" 1 2 4 6
"2250" 6 5 3 3
"2251" 3 1 2 5
"2252" 1 2 4 6
"2253" 1 2 4 2
"2254" 2 5 4 8
"2255" 1 1 2 5
"2256" 1 2 2 5
"2257" 1 1 2 5
"2258" 3 3 6 3
"2259" 5 1 7 5
"2260" 4 2 4 7
"2261" 2 2 7 2
"2262" 2 2 4 2
"2263" 4 4 1 7
"2264" 3 3 6 4
"2265" 3 3 6 4
"2266" 2 2 7 2
"2267" 6 6 3 3
"2268" 3 3 6 4
"2269" 2 2 7 2
"2270" 5 5 7 5
"2271" 6 6 6 3
"2272" 4 4 1 7
"2273" 4 4 1 7
"2274" 3 3 6 4
"2275" 2 2 4 2
"2276" 3 3 6 4
"2277" 6 6 3 3
"2278" 4 4 1 7
"2279" 1 1 2 5
"2280" 1 1 7 4
"2281" 6 6 3 3
"2282" 5 5 7 8
"2283" 6 6 3 3
"2284" 4 4 5 7
"2285" 2 2 4 2
"2286" 1 2 2 5
"2287" 4 4 1 7
"2288" 3 3 6 4
"2289" 6 6 3 3
"2290" 3 3 6 4
"2291" 3 3 6 4
"2292" 4 4 1 7
"2293" 6 6 3 3
"2294" 2 2 4 6
"2295" 3 1 2 5
"2296" 5 3 6 4
"2297" 5 5 7 2
"2298" 4 2 4 2
"2299" 3 3 6 4
"2300" 2 2 4 6
"2301" 4 4 1 7
"2302" 1 2 4 5
"2303" 2 2 4 7
"2304" 1 2 4 6
"2305" 1 2 7 2
"2306" 1 2 4 2
"2307" 6 6 3 3
"2308" 2 2 4 2
"2309" 5 1 7 2
"2310" 4 2 4 7
"2311" 3 3 6 4
"2312" 5 3 6 8
"2313" 3 3 6 4
"2314" 1 2 4 5
"2315" 4 4 1 7
"2316" 4 4 7 8
"2317" 1 2 7 2
"2318" 4 4 1 7
"2319" 3 1 2 5
"2320" 3 3 6 4
"2321" 5 1 7 5
"2322" 6 6 3 3
"2323" 1 2 2 2
"2324" 5 5 6 8
"2325" 6 6 3 3
"2326" 4 4 5 7
"2327" 3 1 2 4
"2328" 3 1 6 4
"2329" 5 1 7 4
"2330" 3 3 6 4
"2331" 4 2 4 2
"2332" 6 6 3 3
"2333" 3 1 2 4
"2334" 1 1 2 5
"2335" 5 1 7 6
"2336" 4 4 1 7
"2337" 2 2 4 2
"2338" 4 1 7 2
"2339" 3 3 6 4
"2340" 5 1 7 4
"2341" 5 5 7 2
"2342" 2 2 4 6
"2343" 3 3 6 4
"2344" 4 4 7 9
"2345" 5 1 7 5
"2346" 1 1 2 6
"2347" 6 5 6 3
"2348" 2 2 4 6
"2349" 6 6 3 3
"2350" 2 2 4 2
"2351" 6 6 3 3
"2352" 6 6 3 3
"2353" 5 1 2 6
"2354" 1 1 7 5
"2355" 1 1 2 5
"2356" 3 3 6 4
"2357" 4 4 1 7
"2358" 5 1 7 6
"2359" 3 1 2 4
"2360" 3 3 6 4
"2361" 6 6 3 3
"2362" 4 4 4 7
"2363" 3 3 6 4
"2364" 6 6 3 3
"2365" 6 6 3 3
"2366" 4 1 2 5
"2367" 3 1 2 4
"2368" 2 2 7 2
"2369" 3 3 6 4
"2370" 1 1 2 5
"2371" 2 2 4 6
"2372" 3 5 6 4
"2373" 6 6 3 3
"2374" 1 1 2 5
"2375" 5 1 7 4
"2376" 2 2 4 2
"2377" 6 6 3 3
"2378" 4 4 1 7
"2379" 2 2 4 6
"2380" 6 6 3 3
"2381" 5 1 7 6
"2382" 2 2 4 6
"2383" 5 5 7 2
"2384" 1 1 2 5
"2385" 1 2 4 2
"2386" 2 2 4 6
"2387" 5 5 7 2
"2388" 6 6 3 3
"2389" 1 1 2 5
"2390" 1 6 4 2
"2391" 5 5 7 8
"2392" 1 2 2 5
"2393" 6 5 3 3
"2394" 1 1 2 5
"2395" 4 4 1 7
"2396" 5 5 7 8
"2397" 5 1 7 2
"2398" 6 6 3 3
"2399" 2 5 7 2
"2400" 4 4 4 7
"2401" 2 2 4 2
"2402" 4 4 5 7
"2403" 2 2 4 2
"2404" 4 2 4 7
"2405" 1 2 4 6
"2406" 2 2 4 2
"2407" 3 3 6 4
"2408" 6 6 3 3
"2409" 2 2 4 2
"2410" 3 3 6 4
"2411" 5 3 6 8
"2412" 5 5 6 2
"2413" 2 2 7 6
"2414" 1 1 7 5
"2415" 1 1 2 5
"2416" 1 1 2 5
"2417" 5 5 6 8
"2418" 3 3 6 4
"2419" 6 5 3 3
"2420" 2 2 4 2
"2421" 4 4 5 7
"2422" 1 1 2 5
"2423" 6 6 3 3
"2424" 2 2 4 2
"2425" 5 5 7 2
"2426" 3 3 6 4
"2427" 2 2 4 2
"2428" 1 1 2 5
"2429" 5 3 6 6
"2430" 4 4 7 9
"2431" 3 3 6 4
"2432" 2 2 4 2
"2433" 1 2 4 2
"2434" 6 6 3 3
"2435" 1 2 4 6
"2436" 1 2 4 6
"2437" 5 5 6 8
"2438" 6 6 3 3
"2439" 4 2 4 6
"2440" 6 6 3 3
"2441" 1 2 4 2
"2442" 2 2 7 2
"2443" 5 5 7 2
"2444" 4 4 1 7
"2445" 6 3 6 4
"2446" 6 6 3 3
"2447" 6 5 3 3
"2448" 1 2 4 5
"2449" 5 3 6 4
"2450" 3 3 6 4
"2451" 3 3 6 4
"2452" 3 1 2 5
"2453" 5 3 6 4
"2454" 4 4 4 2
"2455" 2 2 4 2
"2456" 1 2 4 6
"2457" 3 1 2 4
"2458" 5 3 6 8
"2459" 4 2 4 2
"2460" 4 4 5 7
"2461" 2 2 4 2
"2462" 1 1 2 5
"2463" 4 4 1 7
"2464" 1 1 2 5
"2465" 2 2 4 5
"2466" 5 3 6 8
"2467" 1 1 2 5
"2468" 6 6 3 3
"2469" 1 1 2 2
"2470" 4 4 1 7
"2471" 6 6 3 3
"2472" 4 4 1 7
"2473" 5 5 7 8
"2474" 2 2 4 2
"2475" 3 1 2 5
"2476" 3 3 6 4
"2477" 6 6 3 3
"2478" 3 1 2 4
"2479" 3 3 6 3
"2480" 5 5 6 4
"2481" 2 2 7 2
"2482" 2 2 4 2
"2483" 6 5 6 3
"2484" 2 4 4 2
"2485" 3 3 6 5
"2486" 3 1 2 4
"2487" 5 5 7 5
"2488" 5 1 7 2
"2489" 2 2 4 2
"2490" 3 1 2 4
"2491" 2 2 4 2
"2492" 5 5 6 8
"2493" 4 4 5 7
"2494" 1 2 4 2
"2495" 2 2 4 2
"2496" 3 1 2 4
"2497" 6 6 3 3
"2498" 5 5 6 8
"2499" 5 5 6 8
"2500" 1 1 2 5
"2501" 5 1 2 5
"2502" 3 1 7 4
"2503" 6 6 3 3
"2504" 3 1 7 4
"2505" 4 4 5 7
"2506" 5 5 6 8
"2507" 3 3 6 4
"2508" 1 1 7 6
"2509" 5 5 7 8
"2510" 6 6 3 3
"2511" 4 4 5 7
"2512" 2 2 7 2
"2513" 6 3 6 3
"2514" 5 1 2 5
"2515" 1 2 2 6
"2516" 6 6 3 3
"2517" 3 3 6 4
"2518" 2 2 7 2
"2519" 1 2 4 5
"2520" 1 2 4 6
"2521" 5 1 7 6
"2522" 4 4 5 7
"2523" 1 1 2 5
"2524" 2 2 4 2
"2525" 3 3 6 4
"2526" 2 2 4 2
"2527" 6 6 3 3
"2528" 1 2 4 6
"2529" 3 3 6 4
"2530" 6 6 3 3
"2531" 3 3 6 4
"2532" 2 2 4 2
"2533" 6 6 3 3
"2534" 4 4 7 9
"2535" 1 2 4 5
"2536" 5 5 6 8
"2537" 6 6 3 3
"2538" 4 4 1 7
"2539" 3 3 6 4
"2540" 1 2 4 5
"2541" 1 2 4 9
"2542" 1 1 2 5
"2543" 5 3 6 8
"2544" 6 6 3 3
"2545" 2 2 4 2
"2546" 6 6 3 3
"2547" 3 1 2 5
"2548" 2 2 4 2
"2549" 1 2 7 6
"2550" 3 3 6 4
"2551" 3 3 6 4
"2552" 2 2 4 2
"2553" 3 3 6 4
"2554" 2 2 4 6
"2555" 5 1 7 4
"2556" 5 2 7 6
"2557" 5 5 7 2
"2558" 2 5 7 2
"2559" 6 6 3 3
"2560" 1 2 4 6
"2561" 2 2 7 6
"2562" 1 1 2 6
"2563" 3 1 6 5
"2564" 2 2 7 2
"2565" 2 2 7 2
"2566" 1 1 2 5
"2567" 4 2 4 2
"2568" 4 1 7 9
"2569" 1 2 4 5
"2570" 2 2 4 6
"2571" 6 6 3 3
"2572" 4 4 1 7
"2573" 5 5 7 8
"2574" 5 5 7 2
"2575" 5 3 6 8
"2576" 4 4 4 7
"2577" 5 3 6 8
"2578" 1 1 7 4
"2579" 5 5 6 8
"2580" 3 3 6 3
"2581" 5 1 6 2
"2582" 1 1 2 5
"2583" 3 1 6 4
"2584" 4 2 4 6
"2585" 5 5 7 8
"2586" 4 4 5 7
"2587" 4 4 7 9
"2588" 1 1 7 5
"2589" 5 1 7 4
"2590" 4 4 7 9
"2591" 1 2 4 5
"2592" 2 2 7 2
"2593" 3 1 6 4
"2594" 6 6 3 3
"2595" 4 2 7 9
"2596" 1 1 2 5
"2597" 2 2 4 2
"2598" 5 3 6 8
"2599" 6 5 6 8
"2600" 1 2 4 5
"2601" 3 3 6 4
"2602" 5 5 6 8
"2603" 5 1 7 4
"2604" 5 5 6 8
"2605" 6 3 6 3
"2606" 3 3 6 5
"2607" 5 3 6 8
"2608" 1 2 6 4
"2609" 2 2 4 2
"2610" 2 2 4 2
"2611" 3 3 6 4
"2612" 3 1 2 5
"2613" 6 6 3 3
"2614" 5 3 6 4
"2615" 5 3 6 8
"2616" 3 3 6 4
"2617" 3 3 6 4
"2618" 6 6 3 3
"2619" 2 2 7 2
"2620" 2 2 4 2
"2621" 6 5 3 3
"2622" 1 1 7 5
"2623" 1 2 4 6
"2624" 4 4 1 7
"2625" 1 1 7 4
"2626" 2 2 7 2
"2627" 5 3 6 4
"2628" 6 6 3 3
"2629" 2 2 4 2
"2630" 6 6 3 3
"2631" 3 3 6 4
"2632" 2 2 4 2
"2633" 1 2 4 2
"2634" 5 5 7 6
"2635" 2 2 4 2
"2636" 2 2 4 2
"2637" 6 6 3 3
"2638" 4 4 5 7
"2639" 6 5 6 3
"2640" 2 2 4 2
"2641" 6 6 3 3
"2642" 1 2 7 9
"2643" 4 4 1 7
"2644" 4 4 5 7
"2645" 2 2 4 7
"2646" 1 1 2 5
"2647" 6 6 3 3
"2648" 5 2 7 2
"2649" 5 5 7 2
"2650" 3 3 6 4
"2651" 2 2 4 7
"2652" 6 6 3 3
"2653" 5 5 7 5
"2654" 5 3 6 8
"2655" 3 3 6 5
"2656" 2 2 4 2
"2657" 4 1 7 2
"2658" 6 6 6 3
"2659" 2 2 4 2
"2660" 3 3 6 4
"2661" 6 6 3 3
"2662" 4 2 4 9
"2663" 6 6 3 3
"2664" 3 1 2 5
"2665" 3 3 6 5
"2666" 4 4 1 7
"2667" 4 4 5 7
"2668" 5 5 6 4
"2669" 1 1 2 6
"2670" 2 2 4 6
"2671" 2 2 4 6
"2672" 5 3 6 4
"2673" 6 6 3 3
"2674" 4 2 4 2
"2675" 3 1 2 5
"2676" 6 3 3 3
"2677" 2 2 4 6
"2678" 3 3 6 4
"2679" 1 2 4 5
"2680" 1 2 2 2
"2681" 6 6 3 3
"2682" 4 4 5 7
"2683" 5 1 7 6
"2684" 3 3 6 4
"2685" 1 1 2 5
"2686" 2 2 4 2
"2687" 1 2 4 2
"2688" 5 1 7 2
"2689" 6 6 3 3
"2690" 1 1 2 5
"2691" 6 6 3 3
"2692" 6 6 3 3
"2693" 4 4 4 2
"2694" 2 2 4 2
"2695" 6 6 3 3
"2696" 4 4 7 9
"2697" 3 3 6 4
"2698" 4 2 4 2
"2699" 6 5 3 3
"2700" 5 5 6 8
"2701" 6 6 3 3
"2702" 1 2 2 5
"2703" 4 4 5 7
"2704" 2 2 4 2
"2705" 2 2 4 2
"2706" 1 2 4 7
"2707" 4 4 4 2
"2708" 2 2 7 2
"2709" 1 2 4 2
"2710" 5 1 7 2
"2711" 6 6 3 3
"2712" 6 6 3 3
"2713" 1 2 2 5
"2714" 1 2 2 2
"2715" 2 2 4 2
"2716" 1 2 7 6
"2717" 1 1 2 5
"2718" 2 2 4 2
"2719" 1 1 2 5
"2720" 3 1 6 4
"2721" 5 1 7 6
"2722" 6 6 3 3
"2723" 2 2 4 2
"2724" 1 1 2 5
"2725" 6 6 3 3
"2726" 6 5 3 3
"2727" 4 4 1 7
"2728" 1 1 2 5
"2729" 4 4 5 7
"2730" 3 3 6 4
"2731" 3 1 2 5
"2732" 3 3 6 4
"2733" 5 2 7 2
"2734" 6 3 3 3
"2735" 2 2 4 6
"2736" 3 3 6 4
"2737" 2 2 4 6
"2738" 4 4 7 9
"2739" 2 2 4 6
"2740" 6 6 3 3
"2741" 1 1 2 5
"2742" 4 4 1 7
"2743" 2 2 4 8
"2744" 2 2 4 2
"2745" 6 6 3 3
"2746" 1 2 4 5
"2747" 4 4 5 7
"2748" 1 2 4 6
"2749" 5 1 2 2
"2750" 3 1 2 5
"2751" 2 2 4 2
"2752" 1 1 2 5
"2753" 3 3 6 4
"2754" 3 1 2 5
"2755" 4 4 7 9
"2756" 6 6 3 3
"2757" 1 2 4 6
"2758" 5 1 7 5
"2759" 4 4 5 7
"2760" 4 4 4 9
"2761" 4 4 1 7
"2762" 2 2 4 2
"2763" 2 2 4 6
"2764" 4 4 5 2
"2765" 1 2 2 5
"2766" 2 2 4 6
"2767" 1 2 4 2
"2768" 3 3 6 4
"2769" 4 2 4 6
"2770" 5 3 6 4
"2771" 6 6 3 3
"2772" 4 4 7 9
"2773" 3 1 6 4
"2774" 5 5 6 8
"2775" 1 2 4 6
"2776" 1 2 2 5
"2777" 3 3 6 4
"2778" 3 1 2 4
"2779" 1 2 4 6
"2780" 6 6 3 3
"2781" 2 2 4 2
"2782" 1 2 4 6
"2783" 3 3 6 4
"2784" 5 1 2 5
"2785" 5 1 2 2
"2786" 3 3 6 5
"2787" 3 3 6 4
"2788" 1 1 2 5
"2789" 1 6 2 5
"2790" 4 4 5 7
"2791" 1 1 2 5
"2792" 5 3 6 4
"2793" 3 3 6 4
"2794" 4 2 5 7
"2795" 5 1 7 5
"2796" 6 6 3 3
"2797" 2 2 4 2
"2798" 1 2 7 2
"2799" 6 6 6 3
"2800" 6 6 3 3
"2801" 3 3 6 4
"2802" 1 2 4 7
"2803" 1 1 2 5
"2804" 5 5 7 2
"2805" 6 6 6 8
"2806" 2 2 4 2
"2807" 6 6 3 3
"2808" 4 4 5 7
"2809" 3 3 6 4
"2810" 1 1 2 5
"2811" 6 6 3 3
"2812" 2 2 4 6
"2813" 6 3 3 3
"2814" 2 2 4 2
"2815" 2 2 4 2
"2816" 1 2 4 5
"2817" 5 1 2 5
"2818" 5 5 6 8
"2819" 1 2 4 2
"2820" 1 1 2 5
"2821" 5 2 7 2
"2822" 3 3 6 4
"2823" 1 2 7 2
"2824" 6 6 3 3
"2825" 3 3 6 4
"2826" 5 1 7 6
"2827" 6 6 3 3
"2828" 5 3 6 4
"2829" 3 3 6 4
"2830" 1 2 4 6
"2831" 2 2 4 6
"2832" 2 2 4 2
"2833" 1 2 4 6
"2834" 3 3 6 4
"2835" 2 2 4 6
"2836" 6 3 3 3
"2837" 3 3 6 4
"2838" 2 2 4 2
"2839" 3 3 6 4
"2840" 5 1 7 4
"2841" 1 2 4 2
"2842" 3 3 6 4
"2843" 6 6 3 3
"2844" 4 4 1 7
"2845" 3 3 6 4
"2846" 1 1 2 5
"2847" 1 2 2 5
"2848" 5 5 6 8
"2849" 2 2 7 2
"2850" 4 4 5 7
"2851" 4 4 1 7
"2852" 6 6 3 3
"2853" 1 2 2 5
"2854" 5 1 7 2
"2855" 1 1 2 2
"2856" 1 1 2 5
"2857" 6 3 6 3
"2858" 5 3 6 8
"2859" 5 3 6 8
"2860" 1 2 4 2
"2861" 5 5 6 8
"2862" 6 6 3 3
"2863" 1 1 7 9
"2864" 2 2 4 5
"2865" 4 4 5 7
"2866" 6 6 3 3
"2867" 3 5 6 4
"2868" 5 5 7 2
"2869" 3 3 6 4
"2870" 6 5 3 3
"2871" 3 3 6 4
"2872" 6 6 3 3
"2873" 2 2 7 2
"2874" 6 5 6 3
"2875" 5 3 6 8
"2876" 2 2 7 2
"2877" 4 4 1 7
"2878" 3 3 6 4
"2879" 3 3 6 4
"2880" 6 6 3 3
"2881" 5 1 7 4
"2882" 1 1 2 6
"2883" 5 5 7 8
"2884" 3 3 6 4
"2885" 1 2 4 5
"2886" 5 1 2 4
"2887" 5 3 6 4
"2888" 3 3 6 4
"2889" 3 3 6 5
"2890" 5 1 7 6
"2891" 6 5 3 3
"2892" 5 2 7 2
"2893" 3 1 2 4
"2894" 2 2 4 2
"2895" 1 2 2 5
"2896" 6 6 3 3
"2897" 3 3 6 4
"2898" 3 3 6 4
"2899" 3 3 6 4
"2900" 3 1 6 4
"2901" 1 1 2 5
"2902" 6 6 3 3
"2903" 2 2 4 2
"2904" 3 3 6 4
"2905" 1 2 4 6
"2906" 2 2 7 2
"2907" 6 6 3 3
"2908" 5 1 7 6
"2909" 6 6 3 3
"2910" 4 4 1 7
"2911" 3 3 6 4
"2912" 6 6 3 3
"2913" 2 2 7 6
"2914" 2 2 4 2
"2915" 2 2 4 2
"2916" 5 3 6 8
"2917" 4 4 1 7
"2918" 3 1 2 4
"2919" 3 3 6 4
"2920" 6 3 3 3
"2921" 3 3 6 4
"2922" 5 5 7 2
"2923" 4 4 4 2
"2924" 3 1 2 5
"2925" 2 2 4 6
"2926" 3 3 6 4
"2927" 4 4 5 7
"2928" 6 6 3 3
"2929" 6 6 3 3
"2930" 1 2 7 2
"2931" 4 4 5 7
"2932" 3 3 6 4
"2933" 5 3 6 8
"2934" 3 1 2 4
"2935" 5 5 6 8
"2936" 2 2 4 6
"2937" 3 3 6 4
"2938" 4 4 5 7
"2939" 3 3 6 4
"2940" 2 2 4 2
"2941" 5 1 7 5
"2942" 6 6 3 3
"2943" 6 6 3 3
"2944" 6 6 3 3
"2945" 5 3 6 8
"2946" 3 1 2 5
"2947" 4 1 2 2
"2948" 6 6 3 3
"2949" 1 2 4 2
"2950" 1 1 2 5
"2951" 5 1 2 2
"2952" 2 2 4 2
"2953" 3 3 6 4
"2954" 1 1 2 5
"2955" 1 2 2 5
"2956" 4 4 5 7
"2957" 2 2 4 2
"2958" 4 4 1 7
"2959" 5 5 7 8
"2960" 3 1 2 5
"2961" 1 2 4 2
"2962" 2 2 4 2
"2963" 1 2 4 6
"2964" 2 2 7 6
"2965" 3 1 2 5
"2966" 4 2 4 7
"2967" 2 2 4 6
"2968" 1 1 7 9
"2969" 2 2 7 2
"2970" 1 2 4 2
"2971" 1 1 7 5
"2972" 6 6 3 3
"2973" 6 5 6 3
"2974" 1 2 4 6
"2975" 5 1 7 5
"2976" 6 6 3 3
"2977" 1 1 2 5
"2978" 6 6 3 3
"2979" 1 2 4 2
"2980" 2 2 4 2
"2981" 1 2 7 6
"2982" 1 2 4 8
"2983" 6 6 3 3
"2984" 3 3 6 4
"2985" 6 6 3 3
"2986" 5 1 7 5
"2987" 5 3 6 4
"2988" 2 2 4 6
"2989" 2 2 4 2
"2990" 1 1 2 6
"2991" 2 2 4 2
"2992" 2 2 7 2
"2993" 2 2 4 2
"2994" 4 4 1 7
"2995" 6 6 3 3
"2996" 6 3 3 3
"2997" 6 6 3 3
"2998" 2 2 4 2
"2999" 1 2 4 5
"3000" 6 6 3 3
"3001" 2 2 4 2
"3002" 5 5 6 8
"3003" 4 1 7 9
"3004" 3 3 6 4
"3005" 3 3 6 4
"3006" 6 3 6 3
"3007" 6 6 3 3
"3008" 6 6 3 3
"3009" 2 2 4 2
"3010" 5 3 6 8
"3011" 6 6 6 3
"3012" 2 2 4 2
"3013" 1 2 4 5
"3014" 4 4 1 7
"3015" 1 1 2 5
"3016" 5 1 7 4
"3017" 6 6 3 3
"3018" 1 1 7 5
"3019" 1 2 4 5
"3020" 4 4 1 7
"3021" 5 1 7 6
"3022" 1 2 7 5
"3023" 2 2 4 6
"3024" 6 6 3 3
"3025" 2 2 4 2
"3026" 3 3 6 4
"3027" 4 4 5 7
"3028" 6 5 3 3
"3029" 1 2 2 5
"3030" 5 1 6 5
"3031" 1 2 2 5
"3032" 3 1 2 5
"3033" 6 6 3 3
"3034" 2 2 4 2
"3035" 1 2 2 5
"3036" 5 5 6 8
"3037" 3 3 6 4
"3038" 6 6 3 3
"3039" 3 3 6 4
"3040" 3 3 6 4
"3041" 5 1 7 5
"3042" 1 1 2 6
"3043" 1 2 4 2
"3044" 2 2 4 6
"3045" 5 5 7 2
"3046" 6 6 3 3
"3047" 1 2 4 5
"3048" 2 2 4 2
"3049" 3 3 6 4
"3050" 1 2 4 5
"3051" 2 2 4 2
"3052" 1 2 4 2
"3053" 6 6 3 3
"3054" 2 2 4 2
"3055" 5 3 6 4
"3056" 2 2 4 6
"3057" 4 4 1 7
"3058" 2 2 4 2
"3059" 1 1 2 5
"3060" 3 3 6 4
"3061" 1 2 4 6
"3062" 6 6 3 3
"3063" 5 1 7 4
"3064" 3 5 6 4
"3065" 1 1 2 5
"3066" 3 3 6 4
"3067" 2 2 4 2
"3068" 6 6 3 3
"3069" 4 4 1 7
"3070" 5 3 6 8
"3071" 2 2 7 2
"3072" 5 3 6 4
"3073" 3 3 6 4
"3074" 6 6 3 3
"3075" 4 1 7 2
"3076" 5 1 7 4
"3077" 2 2 7 6
"3078" 2 2 4 2
"3079" 5 5 7 8
"3080" 2 2 4 2
"3081" 5 5 6 8
"3082" 2 2 4 6
"3083" 1 1 2 5
"3084" 1 2 7 2
"3085" 6 6 3 3
"3086" 6 6 3 3
"3087" 1 2 2 5
"3088" 6 6 3 3
"3089" 2 2 4 2
"3090" 6 6 6 3
"3091" 4 4 5 7
"3092" 5 2 7 6
"3093" 6 6 3 3
"3094" 1 2 4 2
"3095" 2 2 4 2
"3096" 6 6 3 3
"3097" 6 6 3 3
"3098" 5 1 2 4
"3099" 4 1 7 6
"3100" 6 6 3 3
"3101" 1 1 2 5
"3102" 4 4 1 7
"3103" 5 5 6 8
"3104" 3 3 6 4
"3105" 3 3 6 5
"3106" 5 5 7 2
"3107" 4 4 1 7
"3108" 1 1 2 6
"3109" 2 2 7 2
"3110" 2 2 4 2
"3111" 5 5 7 2
"3112" 5 5 6 8
"3113" 2 2 7 2
"3114" 6 6 3 3
"3115" 6 6 3 3
"3116" 5 3 6 2
"3117" 2 2 4 2
"3118" 1 2 2 5
"3119" 2 2 7 2
"3120" 1 1 2 5
"3121" 5 5 7 8
"3122" 6 6 3 3
"3123" 6 6 3 3
"3124" 3 3 6 4
"3125" 1 1 2 5
"3126" 2 2 4 6
"3127" 4 4 1 7
"3128" 3 3 6 4
"3129" 6 5 3 3
"3130" 2 2 7 2
"3131" 1 1 7 5
"3132" 2 2 7 8
"3133" 1 2 2 5
"3134" 3 1 2 5
"3135" 2 2 4 2
"3136" 5 1 7 5
"3137" 3 1 2 5
"3138" 6 6 3 3
"3139" 5 1 7 4
"3140" 3 3 6 4
"3141" 5 3 6 4
"3142" 2 2 4 2
"3143" 2 2 4 2
"3144" 1 2 4 6
"3145" 4 4 1 7
"3146" 1 2 4 6
"3147" 4 1 7 2
"3148" 5 5 7 8
"3149" 3 3 6 4
"3150" 4 4 5 7
"3151" 3 3 6 4
"3152" 6 6 3 3
"3153" 6 6 3 3
"3154" 6 6 3 3
"3155" 3 1 2 5
"3156" 6 6 3 3
"3157" 2 2 4 2
"3158" 4 4 1 7
"3159" 3 1 2 4
"3160" 1 2 4 6
"3161" 4 4 5 7
"3162" 2 2 4 2
"3163" 5 1 7 4
"3164" 4 4 5 7
"3165" 3 3 6 4
"3166" 6 6 6 5
"3167" 5 5 6 8
"3168" 2 5 7 2
"3169" 1 1 2 6
"3170" 1 1 2 5
"3171" 6 6 6 3
"3172" 1 2 4 6
"3173" 3 1 2 5
"3174" 6 6 3 3
"3175" 2 2 4 2
"3176" 6 6 3 3
"3177" 3 3 6 4
"3178" 3 5 6 4
"3179" 1 2 4 6
"3180" 2 2 4 2
"3181" 5 1 7 5
"3182" 2 5 7 2
"3183" 2 2 4 2
"3184" 6 5 6 3
"3185" 2 2 4 2
"3186" 1 2 4 6
"3187" 5 2 7 2
"3188" 6 6 3 3
"3189" 3 3 6 4
"3190" 2 2 4 2
"3191" 1 2 4 6
"3192" 4 4 5 7
"3193" 3 3 6 4
"3194" 3 3 6 4
"3195" 5 3 6 8
"3196" 6 3 3 3
"3197" 1 1 2 5
"3198" 2 2 4 6
"3199" 3 3 6 4
"3200" 5 5 7 2
"3201" 6 6 3 3
"3202" 1 2 4 2
"3203" 6 5 3 8
"3204" 1 2 2 5
"3205" 6 6 3 3
"3206" 2 2 4 2
"3207" 1 1 2 5
"3208" 6 6 3 3
"3209" 4 4 4 7
"3210" 6 6 3 3
"3211" 2 2 4 2
"3212" 2 2 4 2
"3213" 1 1 2 6
"3214" 4 4 4 2
"3215" 4 1 7 9
"3216" 1 1 7 2
"3217" 1 1 2 6
"3218" 2 2 4 2
"3219" 2 2 7 2
"3220" 1 2 4 6
"3221" 6 6 3 3
"3222" 4 4 1 7
"3223" 2 2 4 2
"3224" 5 3 6 8
"3225" 1 2 7 2
"3226" 1 2 2 5
"3227" 2 2 4 6
"3228" 2 2 4 2
"3229" 2 2 4 6
"3230" 1 2 4 2
"3231" 5 5 6 8
"3232" 1 2 4 6
"3233" 4 4 1 7
"3234" 1 1 2 5
"3235" 1 2 4 2
"3236" 5 1 2 6
"3237" 1 2 4 2
"3238" 5 2 7 6
"3239" 1 1 2 5
"3240" 5 3 6 8
"3241" 1 1 2 5
"3242" 1 2 2 6
"3243" 1 1 2 2
"3244" 4 2 5 7
"3245" 1 2 4 2
"3246" 5 5 6 8
"3247" 2 2 4 2
"3248" 4 4 1 7
"3249" 2 2 4 2
"3250" 3 3 6 4
"3251" 2 2 4 2
"3252" 2 2 4 2
"3253" 4 4 5 2
"3254" 3 1 2 5
"3255" 2 2 4 6
"3256" 1 1 2 5
"3257" 2 2 4 2
"3258" 1 2 4 2
"3259" 4 4 1 7
"3260" 2 2 4 2
"3261" 2 2 4 2
"3262" 3 3 6 4
"3263" 2 2 7 2
"3264" 1 2 4 6
"3265" 1 2 4 6
"3266" 6 6 3 3
"3267" 1 2 2 5
"3268" 5 5 7 2
"3269" 2 2 4 2
"3270" 5 3 6 8
"3271" 3 3 6 4
"3272" 2 2 4 2
"3273" 4 1 7 2
"3274" 6 6 3 3
"3275" 3 3 6 4
"3276" 2 2 4 2
"3277" 2 2 4 6
"3278" 6 6 3 3
"3279" 2 2 4 2
"3280" 3 3 6 4
"3281" 5 5 6 8
"3282" 1 2 4 2
"3283" 3 3 6 4
"3284" 2 2 4 2
"3285" 5 5 7 2
"3286" 3 1 2 5
"3287" 1 2 4 6
"3288" 6 6 3 3
"3289" 2 2 7 2
"3290" 4 4 1 7
"3291" 1 2 2 6
"3292" 5 1 2 4
"3293" 2 2 4 2
"3294" 5 3 6 8
"3295" 2 2 4 2
"3296" 1 1 2 5
"3297" 5 1 7 6
"3298" 3 3 6 4
"3299" 5 5 7 8
"3300" 2 2 7 2
"3301" 1 2 4 5
"3302" 5 1 2 5
"3303" 3 1 2 5
"3304" 1 2 4 2
"3305" 1 2 4 7
"3306" 3 3 6 4
"3307" 1 2 4 2
"3308" 2 2 4 6
"3309" 6 6 3 3
"3310" 2 2 4 2
"3311" 3 3 6 4
"3312" 2 2 4 2
"3313" 2 2 4 2
"3314" 5 3 6 5
"3315" 3 3 6 4
"3316" 1 1 2 6
"3317" 5 5 6 4
"3318" 2 2 4 2
"3319" 5 1 2 2
"3320" 1 3 6 4
"3321" 2 2 4 2
"3322" 5 1 2 5
"3323" 2 4 4 2
"3324" 1 1 2 5
"3325" 4 4 1 7
"3326" 4 4 5 7
"3327" 1 1 2 5
"3328" 3 1 2 4
"3329" 5 1 7 2
"3330" 1 1 7 6
"3331" 4 1 2 5
"3332" 4 4 5 7
"3333" 6 6 3 3
"3334" 5 1 7 6
"3335" 6 6 3 3
"3336" 5 1 2 5
"3337" 4 1 7 2
"3338" 6 6 3 3
"3339" 3 1 2 4
"3340" 6 6 3 3
"3341" 3 3 6 4
"3342" 3 1 2 4
"3343" 3 1 2 4
"3344" 1 2 4 2
"3345" 3 1 2 4
"3346" 2 2 4 2
"3347" 1 1 7 9
"3348" 4 4 5 7
"3349" 5 5 6 8
"3350" 4 4 5 7
"3351" 1 2 4 2
"3352" 4 4 1 7
"3353" 4 4 5 7
"3354" 4 4 5 7
"3355" 1 2 4 6
"3356" 5 5 6 8
"3357" 1 1 7 9
"3358" 6 6 3 3
"3359" 6 6 3 3
"3360" 6 2 7 3
"3361" 6 6 3 3
"3362" 6 6 3 3
"3363" 6 6 3 3
"3364" 6 6 3 3
"3365" 2 2 7 2
"3366" 3 3 6 5
"3367" 2 2 4 6
"3368" 1 2 4 6
"3369" 4 4 5 7
"3370" 3 3 6 4
"3371" 3 3 6 4
"3372" 3 1 2 4
"3373" 1 1 2 5
"3374" 1 2 2 5
"3375" 2 2 4 6
"3376" 2 2 4 2
"3377" 1 1 2 5
"3378" 6 6 3 3
"3379" 6 6 3 3
"3380" 2 2 4 2
"3381" 6 3 6 4
"3382" 3 3 6 4
"3383" 3 3 6 4
"3384" 3 1 2 5
"3385" 6 3 6 3
"3386" 1 1 2 5
"3387" 1 1 2 5
"3388" 6 6 2 5
"3389" 1 1 2 6
"3390" 5 5 6 8
"3391" 4 4 1 7
"3392" 6 6 3 3
"3393" 3 3 6 4
"3394" 1 2 4 6
"3395" 5 5 6 8
"3396" 4 4 5 7
"3397" 3 1 2 5
"3398" 1 2 4 2
"3399" 2 2 7 6
"3400" 6 6 3 3
"3401" 1 2 4 2
"3402" 5 1 2 5
"3403" 5 5 6 8
"3404" 2 2 4 2
"3405" 3 3 6 4
"3406" 6 6 3 3
"3407" 5 5 7 2
"3408" 1 1 2 4
"3409" 3 3 6 4
"3410" 5 3 6 8
"3411" 3 1 6 4
"3412" 2 2 4 2
"3413" 2 2 4 2
"3414" 1 2 4 6
"3415" 3 3 6 5
"3416" 1 2 4 6
"3417" 4 4 4 2
"3418" 3 1 2 4
"3419" 1 2 2 6
"3420" 1 2 4 2
"3421" 1 2 2 5
"3422" 1 2 2 6
"3423" 5 2 7 6
"3424" 5 5 6 8
"3425" 2 2 7 2
"3426" 5 1 7 8
"3427" 4 2 4 8
"3428" 2 2 4 6
"3429" 2 2 4 2
"3430" 5 1 6 4
"3431" 1 2 4 6
"3432" 1 2 4 6
"3433" 5 5 7 2
"3434" 1 1 2 6
"3435" 1 1 2 5
"3436" 1 2 7 2
"3437" 3 3 6 4
"3438" 1 2 4 6
"3439" 1 1 2 5
"3440" 1 1 2 5
"3441" 1 1 2 5
"3442" 6 6 3 3
"3443" 2 2 4 2
"3444" 6 3 3 3
"3445" 6 6 3 3
"3446" 6 6 3 3
"3447" 4 4 7 9
"3448" 3 3 6 4
"3449" 4 4 4 7
"3450" 5 2 7 6
"3451" 2 2 4 2
"3452" 3 3 6 4
"3453" 3 1 6 4
"3454" 4 4 5 7
"3455" 2 2 4 6
"3456" 2 2 4 2
"3457" 4 1 7 2
"3458" 5 1 7 4
"3459" 6 6 3 3
"3460" 3 3 6 4
"3461" 1 1 2 5
"3462" 1 1 2 5
"3463" 1 2 4 2
"3464" 4 4 4 3
"3465" 6 6 3 3
"3466" 3 1 2 4
"3467" 2 2 4 6
"3468" 3 1 2 5
"3469" 6 6 3 3
"3470" 2 2 4 2
"3471" 4 2 4 9
"3472" 4 4 5 7
"3473" 6 6 3 3
"3474" 5 3 6 8
"3475" 5 5 6 8
"3476" 2 2 7 2
"3477" 2 2 4 6
"3478" 1 1 2 6
"3479" 2 2 4 2
"3480" 1 2 4 6
"3481" 1 1 2 2
"3482" 4 4 5 2
"3483" 2 2 4 2
"3484" 1 2 4 6
"3485" 3 3 6 4
"3486" 5 1 7 4
"3487" 6 6 3 3
"3488" 5 5 7 2
"3489" 4 4 4 2
"3490" 5 1 2 5
"3491" 2 2 4 2
"3492" 3 3 6 4
"3493" 6 6 3 3
"3494" 6 6 3 3
"3495" 6 6 3 3
"3496" 3 1 6 4
"3497" 5 5 6 8
"3498" 6 6 3 3
"3499" 5 5 6 8
"3500" 1 1 2 5
"3501" 1 1 2 5
"3502" 3 3 6 4
"3503" 1 1 2 5
"3504" 3 3 6 4
"3505" 3 3 6 4
"3506" 6 6 3 3
"3507" 5 1 7 5
"3508" 6 6 3 3
"3509" 6 3 6 3
"3510" 2 2 4 2
"3511" 4 4 1 7
"3512" 1 2 2 2
"3513" 6 6 3 3
"3514" 2 2 4 5
"3515" 1 2 2 5
"3516" 6 6 3 3
"3517" 6 6 3 3
"3518" 4 4 5 7
"3519" 3 3 6 3
"3520" 3 3 6 4
"3521" 3 3 6 4
"3522" 3 1 2 5
"3523" 1 1 2 5
"3524" 5 1 7 5
"3525" 2 2 4 2
"3526" 3 3 6 4
"3527" 5 5 7 6
"3528" 5 1 7 6
"3529" 2 2 4 2
"3530" 6 6 3 3
"3531" 3 3 6 8
"3532" 6 6 3 3
"3533" 2 2 4 2
"3534" 1 2 4 6
"3535" 1 1 7 9
"3536" 5 1 7 6
"3537" 3 3 6 4
"3538" 2 6 4 2
"3539" 2 2 4 6
"3540" 4 4 5 7
"3541" 5 1 7 6
"3542" 1 1 2 5
"3543" 2 2 4 7
"3544" 5 1 7 5
"3545" 1 1 2 5
"3546" 1 1 2 5
"3547" 6 6 3 3
"3548" 6 6 3 3
"3549" 1 1 2 5
"3550" 6 6 3 3
"3551" 5 1 7 2
"3552" 1 2 4 2
"3553" 6 6 3 3
"3554" 4 4 4 7
"3555" 2 2 7 2
"3556" 3 1 2 4
"3557" 1 1 2 5
"3558" 5 1 7 5
"3559" 4 4 5 7
"3560" 1 1 2 5
"3561" 1 2 4 6
"3562" 3 3 6 3
"3563" 2 2 4 2
"3564" 5 2 7 2
"3565" 2 2 7 2
"3566" 4 4 7 7
"3567" 2 2 4 2
"3568" 3 3 6 4
"3569" 3 3 6 4
"3570" 6 5 6 8
"3571" 1 2 4 2
"3572" 1 2 2 5
"3573" 2 2 4 2
"3574" 4 2 4 2
"3575" 4 2 7 9
"3576" 3 3 6 4
"3577" 2 2 4 2
"3578" 6 6 6 3
"3579" 4 4 3 3
"3580" 1 1 2 5
"3581" 6 6 3 3
"3582" 2 2 4 2
"3583" 3 1 6 5
"3584" 6 6 3 3
"3585" 2 2 4 2
"3586" 3 3 6 4
"3587" 3 3 6 4
"3588" 6 5 3 3
"3589" 3 3 6 4
"3590" 6 6 3 3
"3591" 1 1 2 5
"3592" 3 3 6 4
"3593" 2 2 4 5
"3594" 3 1 2 4
"3595" 5 1 7 2
"3596" 3 3 6 4
"3597" 4 4 4 7
"3598" 6 6 3 3
"3599" 2 2 7 2
"3600" 6 6 6 3
"3601" 2 2 4 2
"3602" 2 2 4 2
"3603" 6 6 3 3
"3604" 5 3 6 4
"3605" 6 6 6 3
"3606" 4 4 5 7
"3607" 6 6 3 3
"3608" 6 6 3 3
"3609" 6 5 6 3
"3610" 2 2 4 2
"3611" 3 3 6 4
"3612" 6 6 3 3
"3613" 4 4 5 7
"3614" 3 3 6 4
"3615" 5 3 6 8
"3616" 1 2 2 5
"3617" 6 6 3 3
"3618" 1 2 4 6
"3619" 1 1 2 5
"3620" 3 1 2 4
"3621" 5 3 6 4
"3622" 2 2 7 2
"3623" 4 4 7 9
"3624" 4 4 5 3
"3625" 4 1 2 9
"3626" 5 1 7 5
"3627" 1 2 4 6
"3628" 6 6 3 3
"3629" 1 2 4 2
"3630" 1 2 4 6
"3631" 3 3 6 4
"3632" 2 2 4 6
"3633" 1 2 7 6
"3634" 4 4 5 7
"3635" 6 3 3 3
"3636" 5 2 7 2
"3637" 5 5 6 4
"3638" 6 6 3 3
"3639" 1 2 4 6
"3640" 3 1 2 4
"3641" 2 2 7 6
"3642" 3 3 6 4
"3643" 5 5 7 2
"3644" 1 1 2 5
"3645" 2 2 4 2
"3646" 3 3 6 4
"3647" 2 2 4 2
"3648" 3 5 6 4
"3649" 2 2 4 6
"3650" 3 3 6 5
"3651" 2 2 4 2
"3652" 2 2 4 6
"3653" 2 2 7 6
"3654" 3 3 6 4
"3655" 2 2 4 2
"3656" 2 2 7 2
"3657" 6 6 3 3
"3658" 5 5 7 2
"3659" 5 1 7 2
"3660" 3 3 6 4
"3661" 1 2 4 7
"3662" 3 3 6 4
"3663" 5 2 7 2
"3664" 4 4 1 7
"3665" 3 1 2 4
"3666" 5 1 7 2
"3667" 2 2 7 6
"3668" 5 3 6 8
"3669" 3 3 6 4
"3670" 2 2 7 2
"3671" 5 5 6 8
"3672" 2 2 7 2
"3673" 4 1 7 2
"3674" 2 2 4 6
"3675" 5 1 7 5
"3676" 6 6 3 3
"3677" 3 3 6 4
"3678" 1 2 4 2
"3679" 5 5 6 8
"3680" 1 6 2 5
"3681" 3 3 6 4
"3682" 3 3 6 4
"3683" 5 3 6 8
"3684" 3 3 6 5
"3685" 6 6 3 3
"3686" 1 2 4 6
"3687" 4 1 7 2
"3688" 3 3 6 4
"3689" 6 6 3 3
"3690" 1 1 2 5
"3691" 5 1 7 2
"3692" 5 5 6 8
"3693" 5 5 7 8
"3694" 6 6 3 3
"3695" 5 3 6 4
"3696" 5 1 7 5
"3697" 3 1 2 5
"3698" 2 2 7 2
"3699" 5 5 7 2
"3700" 3 1 2 4
"3701" 2 5 4 2
"3702" 3 5 6 4
"3703" 5 3 6 8
"3704" 5 1 7 2
"3705" 5 5 6 8
"3706" 6 6 3 3
"3707" 6 6 3 3
"3708" 6 6 3 3
"3709" 3 3 6 4
"3710" 4 4 1 7
"3711" 6 5 6 8
"3712" 1 2 4 2
"3713" 4 1 7 9
"3714" 4 4 7 9
"3715" 2 2 4 2
"3716" 6 6 3 3
"3717" 6 6 3 3
"3718" 4 4 5 7
"3719" 5 5 7 2
"3720" 1 2 4 2
"3721" 6 6 3 3
"3722" 1 2 4 8
"3723" 5 5 6 8
"3724" 4 4 5 7
"3725" 2 2 4 6
"3726" 6 5 3 3
"3727" 6 6 3 3
"3728" 1 1 2 5
"3729" 5 3 6 8
"3730" 2 2 4 6
"3731" 5 5 6 8
"3732" 1 2 7 6
"3733" 3 3 6 4
"3734" 1 2 4 2
"3735" 5 3 6 8
"3736" 6 6 3 3
"3737" 6 6 3 3
"3738" 3 3 6 4
"3739" 1 2 2 5
"3740" 2 2 4 2
"3741" 6 6 3 3
"3742" 2 2 4 2
"3743" 4 4 1 7
"3744" 6 6 3 3
"3745" 1 2 7 2
"3746" 1 2 2 5
"3747" 5 3 6 4
"3748" 2 2 4 2
"3749" 5 5 7 2
"3750" 1 2 4 5
"3751" 1 2 4 2
"3752" 4 4 1 7
"3753" 1 2 2 5
"3754" 6 6 3 3
"3755" 3 1 2 5
"3756" 6 6 3 3
"3757" 2 2 4 2
"3758" 3 1 2 5
"3759" 5 3 6 8
"3760" 6 6 3 3
"3761" 2 5 7 2
"3762" 6 5 3 3
"3763" 4 4 5 7
"3764" 4 4 5 7
"3765" 1 1 2 5
"3766" 1 2 4 6
"3767" 1 1 2 5
"3768" 3 3 6 4
"3769" 6 6 3 3
"3770" 4 4 1 7
"3771" 2 2 4 2
"3772" 2 2 4 2
"3773" 5 1 2 2
"3774" 2 2 4 2
"3775" 6 6 3 3
"3776" 6 6 3 3
"3777" 6 6 3 3
"3778" 5 1 7 5
"3779" 1 2 2 5
"3780" 1 1 2 6
"3781" 2 2 4 6
"3782" 2 2 4 6
"3783" 3 3 6 4
"3784" 6 6 3 3
"3785" 5 3 6 8
"3786" 3 3 6 5
"3787" 5 3 6 4
"3788" 3 3 6 4
"3789" 3 3 6 4
"3790" 4 4 1 7
"3791" 3 3 6 4
"3792" 2 2 4 6
"3793" 1 2 4 5
"3794" 1 2 4 2
"3795" 3 3 6 4
"3796" 2 2 4 2
"3797" 4 4 6 7
"3798" 6 3 6 3
"3799" 2 2 4 2
"3800" 5 1 7 6
"3801" 5 6 6 8
"3802" 4 4 5 7
"3803" 2 2 4 2
"3804" 4 4 5 7
"3805" 5 2 7 2
"3806" 1 1 2 5
"3807" 3 3 6 4
"3808" 2 2 7 2
"3809" 4 2 4 6
"3810" 1 2 4 2
"3811" 4 4 5 7
"3812" 1 2 4 6
"3813" 6 5 3 3
"3814" 6 6 3 3
"3815" 5 1 7 5
"3816" 3 1 6 4
"3817" 1 1 2 5
"3818" 2 2 4 8
"3819" 3 5 6 4
"3820" 3 3 6 4
"3821" 6 6 3 3
"3822" 5 3 6 8
"3823" 6 6 3 3
"3824" 1 2 2 5
"3825" 2 2 4 2
"3826" 4 4 5 7
"3827" 5 1 6 5
"3828" 5 1 7 5
"3829" 2 2 7 2
"3830" 6 6 3 3
"3831" 5 3 6 4
"3832" 5 1 7 2
"3833" 2 2 4 2
"3834" 2 2 4 2
"3835" 2 2 4 6
"3836" 3 3 6 4
"3837" 3 1 2 5
"3838" 1 1 2 4
"3839" 4 4 5 7
"3840" 2 2 4 2
"3841" 5 3 6 8
"3842" 3 3 6 5
"3843" 6 6 3 3
"3844" 1 1 2 5
"3845" 3 3 6 4
"3846" 3 5 6 4
"3847" 6 6 3 3
"3848" 1 1 2 5
"3849" 4 1 7 5
"3850" 2 2 4 2
"3851" 3 3 6 4
"3852" 4 4 1 7
"3853" 1 1 7 5
"3854" 5 1 2 5
"3855" 6 6 3 3
"3856" 6 6 3 3
"3857" 1 1 2 5
"3858" 1 1 2 8
"3859" 5 2 7 6
"3860" 3 3 6 4
"3861" 4 4 5 7
"3862" 5 2 7 2
"3863" 6 5 6 8
"3864" 1 2 7 2
"3865" 1 1 2 6
"3866" 5 3 6 5
"3867" 4 4 5 7
"3868" 1 1 2 5
"3869" 1 2 4 5
"3870" 1 2 4 6
"3871" 3 3 6 4
"3872" 2 2 4 2
"3873" 2 2 4 2
"3874" 4 4 4 2
"3875" 6 6 3 3
"3876" 3 3 6 4
"3877" 1 1 2 5
"3878" 6 6 3 3
"3879" 5 5 7 2
"3880" 3 3 6 4
"3881" 6 6 3 3
"3882" 5 5 7 8
"3883" 3 3 6 4
"3884" 5 1 7 2
"3885" 3 1 2 5
"3886" 4 4 5 7
"3887" 6 6 3 3
"3888" 2 2 4 2
"3889" 6 5 6 8
"3890" 2 2 4 2
"3891" 2 2 4 2
"3892" 1 1 7 2
"3893" 2 2 4 2
"3894" 5 1 7 6
"3895" 6 6 3 3
"3896" 6 6 3 3
"3897" 2 2 7 2
"3898" 1 2 4 2
"3899" 5 3 6 4
"3900" 4 4 7 9
"3901" 1 2 2 5
"3902" 1 1 7 6
"3903" 6 6 3 3
"3904" 4 4 7 2
"3905" 2 2 7 2
"3906" 3 3 6 4
"3907" 6 6 3 3
"3908" 6 6 3 3
"3909" 6 6 3 3
"3910" 2 2 4 6
"3911" 5 3 6 8
"3912" 2 2 4 2
"3913" 1 1 2 5
"3914" 6 3 3 3
"3915" 6 6 3 3
"3916" 6 6 3 3
"3917" 2 2 4 7
"3918" 2 2 4 6
"3919" 3 3 6 4
"3920" 1 1 2 6
"3921" 3 3 6 4
"3922" 6 5 6 8
"3923" 3 3 6 4
"3924" 5 1 7 4
"3925" 6 5 3 3
"3926" 6 6 3 3
"3927" 2 2 4 2
"3928" 3 3 6 4
"3929" 1 2 2 5
"3930" 1 1 2 5
"3931" 3 3 6 4
"3932" 2 2 4 2
"3933" 3 3 6 4
"3934" 3 3 6 4
"3935" 2 2 4 2
"3936" 2 2 4 2
"3937" 5 3 6 8
"3938" 5 2 7 6
"3939" 2 2 4 2
"3940" 6 6 3 3
"3941" 3 3 6 4
"3942" 4 2 4 7
"3943" 5 5 7 8
"3944" 4 4 5 7
"3945" 5 2 7 2
"3946" 1 1 2 5
"3947" 1 2 2 5
"3948" 5 1 7 2
"3949" 1 1 7 2
"3950" 1 1 2 5
"3951" 4 4 5 7
"3952" 1 2 7 2
"3953" 6 3 6 3
"3954" 1 1 2 5
"3955" 5 3 6 8
"3956" 3 3 6 4
"3957" 6 6 3 3
"3958" 3 3 6 4
"3959" 5 5 7 5
"3960" 3 3 6 4
"3961" 6 6 6 3
"3962" 1 1 7 4
"3963" 5 3 6 4
"3964" 2 2 4 2
"3965" 1 1 2 5
"3966" 3 3 6 4
"3967" 6 6 3 3
"3968" 3 3 6 3
"3969" 1 2 4 6
"3970" 1 1 7 5
"3971" 1 2 4 2
"3972" 6 6 3 3
"3973" 5 5 7 8
"3974" 6 6 3 3
"3975" 1 1 2 5
"3976" 3 3 6 4
"3977" 4 4 5 7
"3978" 2 2 4 6
"3979" 6 6 3 3
"3980" 6 6 3 3
"3981" 3 3 6 4
"3982" 1 1 7 8
"3983" 2 2 4 6
"3984" 3 3 6 4
"3985" 3 3 6 4
"3986" 2 2 4 2
"3987" 6 6 6 3
"3988" 3 1 2 5
"3989" 5 5 6 8
"3990" 1 2 2 5
"3991" 6 6 3 3
"3992" 1 1 2 5
"3993" 2 2 4 2
"3994" 3 3 6 4
"3995" 5 3 6 4
"3996" 6 3 6 3
"3997" 5 3 6 8
"3998" 2 2 4 2
"3999" 5 2 7 6
"4000" 2 2 4 6
"4001" 3 1 6 4
"4002" 1 1 2 5
"4003" 1 2 2 6
"4004" 6 6 3 3
"4005" 6 6 3 3
"4006" 2 2 4 2
"4007" 4 2 4 6
"4008" 6 6 3 3
"4009" 5 2 7 6
"4010" 5 1 7 2
"4011" 3 3 6 4
"4012" 3 1 2 4
"4013" 6 6 3 3
"4014" 2 2 4 6
"4015" 5 5 6 8
"4016" 1 2 4 6
"4017" 2 2 4 2
"4018" 1 2 2 5
"4019" 5 1 7 2
"4020" 6 6 3 3
"4021" 6 6 3 3
"4022" 2 2 4 2
"4023" 5 3 6 4
"4024" 5 1 7 5
"4025" 3 3 6 4
"4026" 6 3 6 4
"4027" 3 3 6 4
"4028" 2 2 7 6
"4029" 4 4 5 7
"4030" 1 1 2 5
"4031" 4 2 4 7
"4032" 3 3 6 4
"4033" 1 1 7 6
"4034" 1 1 2 2
"4035" 5 1 6 4
"4036" 6 3 6 3
"4037" 1 1 2 5
"4038" 5 2 7 2
"4039" 3 3 6 4
"4040" 6 3 6 3
"4041" 5 1 2 5
"4042" 3 3 6 4
"4043" 6 6 3 3
"4044" 5 3 6 4
"4045" 6 6 3 3
"4046" 1 1 2 5
"4047" 2 2 4 2
"4048" 4 4 5 7
"4049" 3 3 6 4
"4050" 5 1 7 2
"4051" 2 5 7 2
"4052" 2 2 4 2
"4053" 4 4 1 7
"4054" 1 2 4 6
"4055" 3 3 6 4
"4056" 5 1 7 2
"4057" 3 3 6 4
"4058" 6 6 3 3
"4059" 1 2 4 2
"4060" 1 2 4 6
"4061" 6 6 3 3
"4062" 5 5 6 8
"4063" 6 6 3 3
"4064" 2 2 7 2
"4065" 6 3 6 3
"4066" 2 2 4 2
"4067" 6 6 3 3
"4068" 1 2 7 6
"4069" 1 2 4 5
"4070" 6 5 3 3
"4071" 5 5 7 6
"4072" 5 1 7 2
"4073" 3 3 6 4
"4074" 2 2 7 2
"4075" 2 2 4 2
"4076" 3 3 6 4
"4077" 2 2 4 2
"4078" 1 1 2 4
"4079" 5 3 6 4
"4080" 1 1 2 5
"4081" 2 2 4 6
"4082" 3 3 6 4
"4083" 1 2 4 6
"4084" 5 5 7 8
"4085" 6 6 3 3
"4086" 6 5 3 3
"4087" 6 6 3 3
"4088" 3 1 2 5
"4089" 5 1 2 5
"4090" 4 2 4 9
"4091" 2 2 4 2
"4092" 4 4 5 7
"4093" 6 6 3 3
"4094" 1 1 2 5
"4095" 5 3 6 4
"4096" 6 6 3 3
"4097" 5 3 6 4
"4098" 6 6 3 3
"4099" 3 1 2 5
"4100" 1 2 4 6
"4101" 3 1 2 4
"4102" 4 4 5 7
"4103" 2 2 7 2
"4104" 2 2 7 2
"4105" 2 2 2 2
"4106" 5 1 7 6
"4107" 6 6 3 3
"4108" 4 1 7 9
"4109" 3 1 2 4
"4110" 3 3 6 4
"4111" 5 1 7 5
"4112" 6 6 3 3
"4113" 6 3 6 3
"4114" 2 2 4 6
"4115" 5 5 6 8
"4116" 1 2 4 6
"4117" 3 3 6 4
"4118" 1 1 2 5
"4119" 2 2 4 6
"4120" 6 6 3 3
"4121" 6 6 3 3
"4122" 1 1 2 5
"4123" 2 2 4 2
"4124" 1 1 2 5
"4125" 3 1 2 4
"4126" 4 4 4 7
"4127" 5 5 6 8
"4128" 5 1 7 5
"4129" 1 1 2 5
"4130" 2 2 4 6
"4131" 3 3 6 4
"4132" 4 2 4 7
"4133" 6 3 6 4
"4134" 5 5 6 8
"4135" 1 2 2 5
"4136" 5 5 7 2
"4137" 2 2 7 2
"4138" 1 2 2 5
"4139" 5 5 7 8
"4140" 5 5 6 8
"4141" 6 6 3 3
"4142" 5 3 6 8
"4143" 5 5 6 8
"4144" 6 6 3 3
"4145" 1 1 2 5
"4146" 4 4 5 7
"4147" 3 3 6 4
"4148" 2 2 4 2
"4149" 1 1 2 5
"4150" 4 4 5 7
"4151" 1 2 2 6
"4152" 3 3 6 4
"4153" 3 3 6 4
"4154" 1 2 2 6
"4155" 5 5 7 8
"4156" 4 4 5 7
"4157" 1 1 2 5
"4158" 2 2 4 2
"4159" 6 6 3 3
"4160" 2 2 4 2
"4161" 4 1 7 2
"4162" 2 2 4 2
"4163" 1 2 4 6
"4164" 6 6 3 3
"4165" 1 1 2 6
"4166" 1 2 4 6
"4167" 6 6 3 3
"4168" 2 2 4 2
"4169" 6 6 6 3
"4170" 2 2 4 2
"4171" 3 3 6 4
"4172" 3 3 6 5
"4173" 5 1 2 5
"4174" 3 1 2 4
"4175" 6 6 3 3
"4176" 2 2 4 2
"4177" 1 2 2 6
"4178" 5 1 7 8
"4179" 2 2 7 6
"4180" 3 3 6 4
"4181" 1 2 4 2
"4182" 6 6 3 3
"4183" 5 5 6 4
"4184" 2 2 4 2
"4185" 1 1 2 5
"4186" 6 6 3 3
"4187" 5 5 6 8
"4188" 2 2 4 2
"4189" 1 1 2 5
"4190" 4 4 5 7
"4191" 3 3 6 4
"4192" 4 1 7 2
"4193" 3 3 6 4
"4194" 6 6 3 3
"4195" 6 5 6 8
"4196" 1 2 4 2
"4197" 5 3 6 8
"4198" 4 4 5 7
"4199" 5 3 6 8
"4200" 1 2 4 2
"4201" 3 3 6 4
"4202" 1 1 2 5
"4203" 6 6 3 3
"4204" 3 3 6 4
"4205" 2 2 7 2
"4206" 4 4 4 2
"4207" 2 2 4 2
"4208" 2 2 4 2
"4209" 3 3 6 4
"4210" 1 2 4 6
"4211" 2 2 4 6
"4212" 2 2 4 2
"4213" 1 2 4 6
"4214" 3 1 2 4
"4215" 3 3 6 4
"4216" 4 4 7 9
"4217" 3 3 6 5
"4218" 1 2 4 6
"4219" 4 4 5 7
"4220" 1 2 4 6
"4221" 6 6 3 3
